
Generation 0
Best ind: 
[[9 6 2 8 1 4 5 3 7]
 [3 1 6 7 4 5 9 2 8]
 [4 2 8 3 9 6 5 1 7]
 [5 4 9 8 6 2 7 3 1]
 [8 5 1 2 3 6 4 7 9]
 [7 3 6 4 8 9 2 1 5]
 [2 9 1 5 8 3 7 6 4]
 [3 8 5 9 7 2 1 6 4]
 [6 4 7 1 3 5 8 9 2]]
Fitness: 3.0303030303030303

Generation 1
Best ind: 
[[9 8 2 6 7 3 5 4 1]
 [3 1 4 7 6 5 9 2 8]
 [4 2 5 1 9 8 3 6 7]
 [2 4 9 8 5 1 7 3 6]
 [8 5 1 2 3 6 4 7 9]
 [7 3 6 5 4 9 2 1 8]
 [2 7 3 5 8 6 9 1 4]
 [5 8 4 9 3 2 1 6 7]
 [6 9 7 4 2 1 8 5 3]]
Fitness: 4.545454545454546

Generation 2
Best ind: 
[[1 6 2 8 4 9 5 7 3]
 [8 1 3 7 6 5 9 2 4]
 [4 2 5 1 9 3 6 8 7]
 [1 4 9 5 2 8 7 3 6]
 [8 7 1 2 3 6 4 5 9]
 [5 3 6 4 9 7 2 1 8]
 [2 5 6 3 8 7 1 9 4]
 [1 8 4 9 5 2 3 6 7]
 [3 9 7 6 1 4 8 2 5]]
Fitness: 6.25

Generation 3
Best ind: 
[[8 7 2 4 6 3 5 9 1]
 [3 1 4 7 8 5 9 2 6]
 [4 6 5 2 9 1 3 8 7]
 [5 4 9 1 8 2 7 3 6]
 [8 2 1 6 3 7 4 5 9]
 [7 3 6 5 9 4 2 1 8]
 [2 5 6 3 8 9 1 7 4]
 [1 8 3 9 7 2 4 6 5]
 [4 9 7 5 1 6 8 2 3]]
Fitness: 6.25

Generation 4
Best ind: 
[[9 6 2 8 4 1 5 7 3]
 [8 1 3 7 6 5 9 2 4]
 [4 2 5 1 9 3 6 8 7]
 [2 4 9 5 1 8 7 3 6]
 [8 7 1 2 3 6 4 5 9]
 [5 3 6 4 9 7 2 1 8]
 [2 5 6 3 8 7 1 9 4]
 [1 8 4 9 5 2 3 6 7]
 [3 9 7 6 1 4 8 2 5]]
Fitness: 7.6923076923076925

Generation 5
Best ind: 
[[7 6 2 3 1 4 5 8 9]
 [9 1 8 7 6 5 4 2 3]
 [4 3 5 2 9 8 6 1 7]
 [5 4 9 2 8 1 7 3 6]
 [8 2 1 6 3 7 4 5 9]
 [7 3 6 4 5 9 2 1 8]
 [2 5 3 1 8 6 9 7 4]
 [1 8 4 9 7 2 3 6 5]
 [6 2 7 5 4 3 8 9 1]]
Fitness: 9.090909090909092

Generation 6
Best ind: 
[[9 6 2 8 4 1 5 7 3]
 [8 1 3 7 6 5 9 2 4]
 [4 2 5 1 9 3 6 8 7]
 [2 4 9 5 1 8 7 3 6]
 [8 7 1 2 3 6 4 5 9]
 [5 3 6 4 7 9 2 1 8]
 [2 5 6 3 8 7 1 9 4]
 [1 8 4 9 5 2 3 6 7]
 [3 9 7 6 1 4 8 2 5]]
Fitness: 9.090909090909092

Generation 7
Best ind: 
[[7 6 2 3 1 4 5 8 9]
 [9 1 8 7 6 5 4 2 3]
 [4 3 5 2 9 8 6 1 7]
 [5 4 9 8 2 1 7 3 6]
 [8 2 1 6 3 7 4 5 9]
 [7 3 6 4 5 9 2 1 8]
 [2 5 3 1 8 6 9 7 4]
 [1 8 4 9 7 2 3 6 5]
 [6 2 7 5 4 3 8 9 1]]
Fitness: 11.11111111111111

Generation 8
Best ind: 
[[7 6 2 3 1 4 5 8 9]
 [9 1 8 7 6 5 4 2 3]
 [4 3 5 2 9 8 6 1 7]
 [5 4 9 8 2 1 7 3 6]
 [8 2 1 6 3 7 4 5 9]
 [7 3 6 4 5 9 2 1 8]
 [2 5 3 1 8 6 9 7 4]
 [1 8 4 9 7 2 3 6 5]
 [6 2 7 5 4 3 8 9 1]]
Fitness: 11.11111111111111

Generation 9
Best ind: 
[[7 6 2 3 1 4 5 8 9]
 [9 1 8 7 6 5 4 2 3]
 [4 3 5 2 9 8 6 1 7]
 [5 4 9 8 2 1 7 3 6]
 [8 2 1 6 3 7 4 5 9]
 [7 3 6 4 5 9 2 1 8]
 [2 5 3 1 8 6 9 7 4]
 [1 8 4 9 7 2 3 6 5]
 [6 9 7 5 4 3 8 2 1]]
Fitness: 14.285714285714285

Generation 10
Best ind: 
[[7 6 2 3 1 4 5 8 9]
 [9 1 8 7 6 5 4 2 3]
 [4 3 5 2 9 8 6 1 7]
 [5 4 9 8 2 1 7 3 6]
 [8 2 1 6 3 7 4 5 9]
 [7 3 6 4 5 9 2 1 8]
 [2 5 3 1 8 6 9 7 4]
 [1 8 4 9 7 2 3 6 5]
 [6 9 7 5 4 3 8 2 1]]
Fitness: 14.285714285714285

Generation 11
Best ind: 
[[7 6 2 3 1 4 5 8 9]
 [9 1 8 7 6 5 4 2 3]
 [4 3 5 2 9 8 6 1 7]
 [5 4 9 8 2 1 7 3 6]
 [8 2 1 6 3 7 4 5 9]
 [7 3 6 4 5 9 2 1 8]
 [2 5 3 1 8 6 9 7 4]
 [1 8 4 9 7 2 3 6 5]
 [6 9 7 5 4 3 8 2 1]]
Fitness: 14.285714285714285

Generation 12
Best ind: 
[[7 6 2 3 1 4 5 8 9]
 [9 1 8 7 6 5 4 2 3]
 [4 3 5 2 9 8 6 1 7]
 [5 4 9 8 2 1 7 3 6]
 [8 2 1 6 3 7 4 5 9]
 [7 3 6 4 5 9 2 1 8]
 [2 5 3 1 8 6 9 7 4]
 [1 8 4 9 7 2 3 6 5]
 [6 9 7 5 4 3 8 2 1]]
Fitness: 14.285714285714285

Generation 13
Best ind: 
[[7 6 2 3 1 4 5 8 9]
 [9 1 8 7 6 5 4 2 3]
 [4 3 5 2 9 8 6 1 7]
 [5 4 9 8 2 1 7 3 6]
 [8 2 1 6 3 7 4 5 9]
 [7 3 6 4 5 9 2 1 8]
 [2 5 3 1 8 6 9 7 4]
 [1 8 4 9 7 2 3 6 5]
 [6 9 7 5 4 3 8 2 1]]
Fitness: 14.285714285714285

Generation 14
Best ind: 
[[7 6 2 3 1 4 5 8 9]
 [9 1 8 7 6 5 4 2 3]
 [4 3 5 2 9 8 6 1 7]
 [5 4 9 8 2 1 7 3 6]
 [8 2 1 6 3 7 4 5 9]
 [7 3 6 4 5 9 2 1 8]
 [2 5 3 1 8 6 9 7 4]
 [1 8 4 9 7 2 3 6 5]
 [6 9 7 5 4 3 8 2 1]]
Fitness: 14.285714285714285

Generation 15
Best ind: 
[[7 6 2 3 1 4 5 8 9]
 [9 1 8 7 6 5 4 2 3]
 [4 3 5 2 9 8 6 1 7]
 [5 4 9 8 2 1 7 3 6]
 [8 2 1 6 3 7 4 5 9]
 [7 3 6 4 5 9 2 1 8]
 [2 5 3 1 8 6 9 7 4]
 [1 8 4 9 7 2 3 6 5]
 [6 9 7 5 4 3 8 2 1]]
Fitness: 14.285714285714285

Generation 16
Best ind: 
[[7 6 2 3 1 4 5 8 9]
 [9 1 8 7 6 5 4 2 3]
 [4 3 5 2 9 8 6 1 7]
 [5 4 9 8 2 1 7 3 6]
 [8 2 1 6 3 7 4 5 9]
 [7 3 6 4 5 9 2 1 8]
 [2 5 3 1 8 6 9 7 4]
 [1 8 4 9 7 2 3 6 5]
 [6 9 7 5 4 3 8 2 1]]
Fitness: 14.285714285714285

Generation 17
Best ind: 
[[7 6 2 3 1 4 5 8 9]
 [9 1 8 7 6 5 4 2 3]
 [4 3 5 2 9 8 6 1 7]
 [5 4 9 8 2 1 7 3 6]
 [8 2 1 6 3 7 4 5 9]
 [7 3 6 4 5 9 2 1 8]
 [2 5 3 1 8 6 9 7 4]
 [1 8 4 9 7 2 3 6 5]
 [6 9 7 5 4 3 8 2 1]]
Fitness: 14.285714285714285

Generation 18
Best ind: 
[[7 6 2 3 1 4 5 8 9]
 [9 1 8 7 6 5 4 2 3]
 [4 3 5 2 9 8 6 1 7]
 [5 4 9 8 2 1 7 3 6]
 [8 2 1 6 3 7 4 5 9]
 [7 3 6 4 5 9 2 1 8]
 [2 5 3 1 8 6 9 7 4]
 [1 8 4 9 7 2 3 6 5]
 [6 9 7 5 4 3 8 2 1]]
Fitness: 14.285714285714285

Generation 19
Best ind: 
[[7 6 2 3 1 4 5 8 9]
 [9 1 8 7 6 5 4 2 3]
 [4 3 5 2 9 8 6 1 7]
 [5 4 9 8 2 1 7 3 6]
 [8 2 1 6 3 7 4 5 9]
 [7 3 6 4 5 9 2 1 8]
 [2 5 3 1 8 6 9 7 4]
 [1 8 4 9 7 2 3 6 5]
 [6 9 7 5 4 3 8 2 1]]
Fitness: 14.285714285714285

Generation 20
Best ind: 
[[7 6 2 3 1 4 5 8 9]
 [9 1 8 7 6 5 4 2 3]
 [4 3 5 2 9 8 6 1 7]
 [5 4 9 8 2 1 7 3 6]
 [8 2 1 6 3 7 4 5 9]
 [7 3 6 4 5 9 2 1 8]
 [2 5 3 1 8 6 9 7 4]
 [1 8 4 9 7 2 3 6 5]
 [6 9 7 5 4 3 8 2 1]]
Fitness: 14.285714285714285

Generation 21
Best ind: 
[[7 6 2 3 1 4 5 8 9]
 [9 1 8 7 6 5 4 2 3]
 [4 3 5 2 9 8 6 1 7]
 [5 4 9 8 2 1 7 3 6]
 [8 2 1 6 3 7 4 5 9]
 [7 3 6 4 5 9 2 1 8]
 [2 5 3 1 8 6 9 7 4]
 [1 8 4 9 7 2 3 6 5]
 [6 9 7 5 4 3 8 2 1]]
Fitness: 14.285714285714285

Generation 22
Best ind: 
[[7 6 2 3 1 4 5 8 9]
 [9 1 8 7 6 5 4 2 3]
 [4 3 5 2 9 8 6 1 7]
 [5 4 9 8 2 1 7 3 6]
 [8 2 1 6 3 7 4 5 9]
 [7 3 6 4 5 9 2 1 8]
 [2 5 3 1 8 6 9 7 4]
 [1 8 4 9 7 2 3 6 5]
 [6 9 7 5 4 3 8 2 1]]
Fitness: 14.285714285714285

Generation 23
Best ind: 
[[7 6 2 3 1 4 5 8 9]
 [9 1 8 7 6 5 4 2 3]
 [4 3 5 2 9 8 6 1 7]
 [5 4 9 8 2 1 7 3 6]
 [8 2 1 6 3 7 4 5 9]
 [7 3 6 4 5 9 2 1 8]
 [2 5 3 1 8 6 9 7 4]
 [1 8 4 9 7 2 3 6 5]
 [6 9 7 5 4 3 8 2 1]]
Fitness: 14.285714285714285

Generation 24
Best ind: 
[[7 6 2 3 1 4 5 8 9]
 [9 1 8 7 6 5 4 2 3]
 [4 3 5 2 9 8 6 1 7]
 [5 4 9 8 2 1 7 3 6]
 [8 2 1 6 3 7 4 5 9]
 [7 3 6 4 5 9 2 1 8]
 [2 5 3 1 8 6 9 7 4]
 [1 8 4 9 7 2 3 6 5]
 [6 9 7 5 4 3 8 2 1]]
Fitness: 14.285714285714285

Generation 25
Best ind: 
[[7 6 2 3 1 4 5 8 9]
 [9 1 8 7 6 5 4 2 3]
 [4 3 5 2 9 8 1 6 7]
 [5 4 9 8 2 1 7 3 6]
 [8 2 1 6 3 7 4 5 9]
 [7 3 6 4 5 9 2 1 8]
 [2 5 3 1 8 6 9 7 4]
 [1 8 4 9 7 2 3 6 5]
 [6 9 7 5 4 3 8 2 1]]
Fitness: 14.285714285714285

Generation 26
Best ind: 
[[7 6 2 3 1 4 5 8 9]
 [9 1 8 7 6 5 4 2 3]
 [4 3 5 2 9 8 6 1 7]
 [5 4 9 8 2 1 7 3 6]
 [8 2 1 6 3 7 4 5 9]
 [7 3 6 4 5 9 2 1 8]
 [2 5 3 1 8 6 9 7 4]
 [1 8 4 9 7 2 3 6 5]
 [6 9 7 5 4 3 8 2 1]]
Fitness: 14.285714285714285

Generation 27
Best ind: 
[[7 6 2 3 1 4 5 8 9]
 [9 1 8 7 6 5 4 2 3]
 [4 3 5 2 9 8 6 1 7]
 [5 4 9 8 2 1 7 3 6]
 [8 2 1 6 3 7 4 5 9]
 [7 3 6 4 5 9 2 1 8]
 [2 5 3 1 8 6 9 7 4]
 [1 8 4 9 7 2 3 6 5]
 [6 9 7 5 4 3 8 2 1]]
Fitness: 14.285714285714285

Generation 28
Best ind: 
[[7 6 2 3 1 4 5 8 9]
 [9 1 8 7 6 5 4 2 3]
 [4 3 5 2 9 8 6 1 7]
 [5 4 9 8 2 1 7 3 6]
 [8 2 1 6 3 7 4 5 9]
 [7 3 6 4 5 9 2 1 8]
 [2 5 3 1 8 6 9 7 4]
 [1 8 4 9 7 2 3 6 5]
 [6 9 7 5 4 3 8 2 1]]
Fitness: 14.285714285714285

Generation 29
Best ind: 
[[7 6 2 3 1 4 5 8 9]
 [9 1 8 7 6 5 4 2 3]
 [4 3 5 2 9 8 6 1 7]
 [5 4 9 8 2 1 7 3 6]
 [8 2 1 6 3 7 4 5 9]
 [7 3 6 4 5 9 2 1 8]
 [2 5 3 1 8 6 9 7 4]
 [1 8 4 9 7 2 3 6 5]
 [6 9 7 5 4 3 8 1 2]]
Fitness: 14.285714285714285

Generation 30
Best ind: 
[[7 6 2 3 1 4 5 8 9]
 [9 1 8 7 6 5 4 2 3]
 [4 3 5 2 9 8 6 1 7]
 [5 4 9 8 2 1 7 3 6]
 [8 2 1 6 3 7 4 5 9]
 [7 3 6 4 5 9 2 1 8]
 [2 5 3 1 8 6 9 7 4]
 [1 8 4 9 7 2 3 6 5]
 [6 9 7 5 4 3 8 2 1]]
Fitness: 14.285714285714285

Generation 31
Best ind: 
[[7 6 2 3 1 4 5 8 9]
 [9 1 8 7 6 5 4 2 3]
 [4 3 5 2 9 8 6 1 7]
 [5 4 9 8 2 1 7 3 6]
 [8 2 1 6 3 7 4 5 9]
 [7 3 6 4 5 9 2 1 8]
 [2 5 3 1 8 6 9 7 4]
 [1 8 4 9 7 2 3 6 5]
 [6 9 7 5 4 3 8 2 1]]
Fitness: 14.285714285714285

Generation 32
Best ind: 
[[7 6 2 3 1 4 5 8 9]
 [9 1 8 7 6 5 4 2 3]
 [4 5 3 2 9 8 6 1 7]
 [5 4 9 8 2 1 7 3 6]
 [8 2 1 6 3 7 4 5 9]
 [7 3 6 4 5 9 2 1 8]
 [2 3 5 1 8 6 9 7 4]
 [1 8 4 9 7 2 3 6 5]
 [6 9 7 5 4 3 8 2 1]]
Fitness: 14.285714285714285

Generation 33
Best ind: 
[[7 6 2 3 1 4 5 8 9]
 [9 1 8 7 6 5 4 2 3]
 [4 3 5 2 9 8 6 1 7]
 [5 4 9 8 2 1 7 3 6]
 [8 2 1 6 3 7 4 5 9]
 [7 3 6 4 5 9 2 1 8]
 [2 5 3 1 8 6 9 7 4]
 [1 8 4 9 7 2 3 6 5]
 [6 9 7 5 4 3 8 2 1]]
Fitness: 14.285714285714285

Generation 34
Best ind: 
[[7 6 2 3 1 4 5 8 9]
 [9 1 8 7 6 5 4 2 3]
 [4 3 5 2 9 8 6 1 7]
 [5 4 9 8 2 1 7 3 6]
 [8 2 1 6 3 7 4 5 9]
 [7 3 6 4 5 9 2 1 8]
 [2 5 3 1 8 6 9 7 4]
 [1 8 4 9 7 2 3 6 5]
 [6 9 7 5 4 3 8 2 1]]
Fitness: 14.285714285714285

Generation 35
Best ind: 
[[7 6 2 3 1 4 5 8 9]
 [9 1 8 7 6 5 4 2 3]
 [4 3 5 2 9 8 6 1 7]
 [5 4 9 8 2 1 7 3 6]
 [8 2 1 6 3 7 4 5 9]
 [7 3 6 4 5 9 2 1 8]
 [2 5 3 1 8 6 9 7 4]
 [1 8 4 9 7 2 3 6 5]
 [6 9 7 5 4 3 8 2 1]]
Fitness: 14.285714285714285

Generation 36
Best ind: 
[[7 6 2 3 1 4 5 8 9]
 [9 1 8 7 6 5 4 2 3]
 [4 3 5 2 9 8 6 1 7]
 [5 4 9 8 2 1 7 3 6]
 [8 2 1 6 3 7 4 5 9]
 [7 3 6 4 5 9 2 1 8]
 [2 5 3 1 8 6 9 7 4]
 [1 8 4 9 7 2 3 6 5]
 [6 9 7 5 4 3 8 2 1]]
Fitness: 14.285714285714285

Generation 37
Best ind: 
[[7 6 2 3 1 4 5 8 9]
 [9 1 8 7 6 5 4 2 3]
 [4 3 5 2 9 8 6 1 7]
 [5 4 9 8 2 1 7 3 6]
 [8 2 1 6 3 7 4 5 9]
 [7 3 6 4 5 9 2 1 8]
 [2 5 3 1 8 6 9 7 4]
 [1 8 4 9 7 2 3 6 5]
 [6 9 7 5 4 3 8 2 1]]
Fitness: 14.285714285714285

Generation 38
Best ind: 
[[7 6 2 3 1 4 5 8 9]
 [9 1 8 7 6 5 4 2 3]
 [4 3 5 2 9 8 6 1 7]
 [5 4 9 8 2 1 7 3 6]
 [8 2 1 6 3 7 4 5 9]
 [7 3 6 4 5 9 2 1 8]
 [2 5 3 1 8 6 9 7 4]
 [1 8 4 9 7 2 3 6 5]
 [6 9 7 5 4 3 8 2 1]]
Fitness: 14.285714285714285

Generation 39
Best ind: 
[[7 6 2 3 1 4 5 8 9]
 [9 1 8 7 6 5 4 2 3]
 [4 3 5 2 9 8 6 1 7]
 [5 4 9 8 2 1 7 3 6]
 [8 2 1 6 3 7 4 5 9]
 [7 3 6 4 5 9 2 1 8]
 [2 5 3 1 8 6 9 7 4]
 [1 8 4 9 7 2 3 6 5]
 [6 9 7 5 4 3 8 2 1]]
Fitness: 14.285714285714285

Generation 40
Best ind: 
[[7 6 2 3 1 4 5 8 9]
 [9 1 8 7 6 5 4 2 3]
 [4 3 5 2 9 8 6 1 7]
 [5 4 9 8 2 1 7 3 6]
 [8 2 1 6 3 7 4 5 9]
 [7 3 6 4 5 9 2 1 8]
 [2 5 3 1 8 6 9 7 4]
 [1 8 4 9 7 2 3 6 5]
 [6 9 7 5 4 3 8 2 1]]
Fitness: 14.285714285714285

Generation 41
Best ind: 
[[7 6 2 3 1 4 5 8 9]
 [9 1 8 7 6 5 4 2 3]
 [4 5 3 2 9 8 6 1 7]
 [5 4 9 8 2 1 7 3 6]
 [8 2 1 6 3 7 4 5 9]
 [7 3 6 4 5 9 2 1 8]
 [2 3 5 1 8 6 9 7 4]
 [1 8 4 9 7 2 3 6 5]
 [6 9 7 5 4 3 8 2 1]]
Fitness: 14.285714285714285

Generation 42
Best ind: 
[[7 6 2 3 1 4 5 8 9]
 [9 1 8 7 6 5 4 2 3]
 [4 3 5 2 9 8 6 1 7]
 [5 4 9 8 2 1 7 3 6]
 [8 2 1 6 3 7 4 5 9]
 [7 3 6 4 5 9 2 1 8]
 [2 5 3 1 8 6 9 7 4]
 [1 8 4 9 7 2 3 6 5]
 [6 9 7 5 4 3 8 2 1]]
Fitness: 14.285714285714285

Generation 43
Best ind: 
[[7 6 2 3 1 4 5 8 9]
 [9 1 8 7 6 5 4 2 3]
 [4 3 5 2 9 8 6 1 7]
 [5 4 9 8 2 1 7 3 6]
 [8 2 1 6 3 7 4 5 9]
 [7 3 6 4 5 9 2 1 8]
 [2 5 3 1 8 6 9 7 4]
 [1 8 4 9 7 2 3 6 5]
 [6 9 7 5 4 3 8 2 1]]
Fitness: 14.285714285714285

Generation 44
Best ind: 
[[7 6 2 3 1 4 5 8 9]
 [9 1 8 7 6 5 4 2 3]
 [4 3 5 2 9 8 6 1 7]
 [5 4 9 8 2 1 7 3 6]
 [8 2 1 6 3 7 4 5 9]
 [7 3 6 4 5 9 2 1 8]
 [2 5 3 1 8 6 9 7 4]
 [1 8 4 9 7 2 3 6 5]
 [6 9 7 5 4 3 8 2 1]]
Fitness: 14.285714285714285

Generation 45
Best ind: 
[[7 6 2 3 1 4 5 8 9]
 [9 1 8 7 6 5 4 2 3]
 [4 3 5 2 9 8 6 1 7]
 [5 4 9 8 2 1 7 3 6]
 [8 2 1 6 3 7 4 5 9]
 [7 3 6 4 5 9 2 1 8]
 [2 5 3 1 8 6 9 7 4]
 [1 8 4 9 7 2 3 6 5]
 [6 9 7 5 4 3 8 2 1]]
Fitness: 14.285714285714285

Generation 46
Best ind: 
[[7 6 2 3 1 4 5 8 9]
 [9 1 8 7 6 5 4 2 3]
 [4 3 5 2 9 8 6 1 7]
 [5 4 9 8 2 1 7 3 6]
 [8 2 1 6 3 7 4 5 9]
 [7 3 6 4 5 9 2 1 8]
 [2 5 3 1 8 6 9 7 4]
 [1 8 4 9 7 2 3 6 5]
 [6 9 7 5 4 3 8 2 1]]
Fitness: 14.285714285714285

Generation 47
Best ind: 
[[7 6 2 3 1 4 5 8 9]
 [9 1 8 7 6 5 4 2 3]
 [4 3 5 2 9 8 6 1 7]
 [5 4 9 8 2 1 7 3 6]
 [8 2 1 6 3 7 4 5 9]
 [7 3 6 4 5 9 2 1 8]
 [2 5 3 1 8 6 9 7 4]
 [1 8 4 9 7 2 3 6 5]
 [6 9 7 5 4 3 8 2 1]]
Fitness: 14.285714285714285

Generation 48
Best ind: 
[[7 6 2 3 1 4 5 8 9]
 [9 1 8 7 6 5 4 2 3]
 [4 3 5 2 9 8 6 1 7]
 [5 4 9 8 2 1 7 3 6]
 [8 2 1 6 3 7 4 5 9]
 [7 3 6 4 5 9 2 1 8]
 [2 5 3 1 8 6 9 7 4]
 [1 8 4 9 7 2 3 6 5]
 [6 9 7 5 4 3 8 2 1]]
Fitness: 14.285714285714285

Generation 49
Best ind: 
[[7 6 2 3 1 4 5 8 9]
 [9 1 8 7 6 5 4 2 3]
 [4 3 5 2 9 8 6 1 7]
 [5 4 9 8 2 1 7 3 6]
 [8 2 1 6 3 7 4 5 9]
 [7 3 6 4 5 9 2 1 8]
 [2 5 3 1 8 6 9 7 4]
 [1 8 4 9 7 2 3 6 5]
 [6 9 7 5 4 3 8 2 1]]
Fitness: 14.285714285714285

Generation 50
Best ind: 
[[7 6 2 3 1 4 5 8 9]
 [9 1 8 7 6 5 4 2 3]
 [4 3 5 2 9 8 6 1 7]
 [5 4 9 8 2 1 7 3 6]
 [8 2 1 6 3 7 4 5 9]
 [7 3 6 4 5 9 2 1 8]
 [2 5 3 1 8 6 9 7 4]
 [1 8 4 9 7 2 3 6 5]
 [6 9 7 5 4 3 8 2 1]]
Fitness: 14.285714285714285

Generation 51
Best ind: 
[[7 6 2 3 1 4 5 8 9]
 [9 1 8 7 6 5 4 2 3]
 [4 3 5 2 9 8 6 1 7]
 [5 4 9 8 2 1 7 3 6]
 [8 2 1 6 3 7 4 5 9]
 [7 3 6 4 5 9 2 1 8]
 [2 5 3 1 8 6 9 7 4]
 [1 8 4 9 7 2 3 6 5]
 [6 9 7 5 4 3 8 2 1]]
Fitness: 14.285714285714285

Generation 52
Best ind: 
[[7 6 2 3 1 4 5 8 9]
 [9 1 8 7 6 5 4 2 3]
 [4 3 5 2 9 8 6 1 7]
 [5 4 9 8 2 1 7 3 6]
 [8 2 1 6 3 7 4 5 9]
 [7 3 6 4 5 9 2 1 8]
 [2 5 3 1 8 6 9 7 4]
 [1 8 4 9 7 2 3 6 5]
 [6 9 7 5 4 3 8 2 1]]
Fitness: 14.285714285714285

Generation 53
Best ind: 
[[7 6 2 3 1 4 5 8 9]
 [9 1 8 7 6 5 4 2 3]
 [4 3 5 2 9 8 6 1 7]
 [5 4 9 8 2 1 7 3 6]
 [8 2 1 6 3 7 4 5 9]
 [7 3 6 4 5 9 2 1 8]
 [2 5 3 1 8 6 9 7 4]
 [1 8 4 9 7 2 3 6 5]
 [6 9 7 5 4 3 8 2 1]]
Fitness: 14.285714285714285

Generation 54
Best ind: 
[[7 6 2 3 1 4 5 8 9]
 [9 1 8 7 6 5 4 2 3]
 [4 3 5 2 9 8 6 1 7]
 [5 4 9 8 2 1 7 3 6]
 [8 2 1 6 3 7 4 5 9]
 [7 3 6 4 5 9 2 1 8]
 [2 5 3 1 8 6 9 7 4]
 [1 8 4 9 7 2 3 6 5]
 [6 9 7 5 4 3 8 2 1]]
Fitness: 14.285714285714285

Generation 55
Best ind: 
[[7 6 2 3 1 4 5 8 9]
 [9 1 8 7 6 5 4 2 3]
 [4 3 5 2 9 8 6 1 7]
 [5 4 9 8 2 1 7 3 6]
 [8 2 1 6 3 7 4 5 9]
 [7 3 6 4 5 9 2 1 8]
 [2 5 3 1 8 6 9 7 4]
 [1 8 4 9 7 2 3 6 5]
 [6 9 7 5 4 3 8 2 1]]
Fitness: 14.285714285714285

Generation 56
Best ind: 
[[7 6 2 3 1 4 5 8 9]
 [9 1 8 7 6 5 4 2 3]
 [4 3 5 2 9 8 6 1 7]
 [5 4 9 8 2 1 7 3 6]
 [8 2 1 6 3 7 4 5 9]
 [7 3 6 4 5 9 2 1 8]
 [2 5 3 1 8 6 9 7 4]
 [1 8 4 9 7 2 3 6 5]
 [6 9 7 5 4 3 8 2 1]]
Fitness: 14.285714285714285

Generation 57
Best ind: 
[[7 6 2 3 1 4 5 8 9]
 [9 1 8 7 6 5 4 2 3]
 [4 3 5 2 9 8 6 1 7]
 [5 4 9 8 2 1 7 3 6]
 [8 2 1 6 3 7 4 5 9]
 [7 3 6 4 5 9 2 1 8]
 [2 5 3 1 8 6 9 7 4]
 [1 8 4 9 7 2 3 6 5]
 [6 9 7 5 4 3 8 1 2]]
Fitness: 14.285714285714285

Generation 58
Best ind: 
[[6 7 2 3 1 4 5 8 9]
 [9 1 8 7 6 5 4 2 3]
 [4 5 3 2 9 8 6 1 7]
 [5 4 9 8 2 1 7 3 6]
 [8 2 1 6 3 7 4 5 9]
 [7 3 6 4 5 9 2 1 8]
 [2 6 5 1 8 3 9 7 4]
 [1 8 4 9 7 2 3 6 5]
 [3 9 7 5 4 6 8 2 1]]
Fitness: 20.0

Generation 59
Best ind: 
[[6 7 2 3 1 4 5 8 9]
 [9 1 8 7 6 5 4 2 3]
 [4 5 3 2 9 8 6 1 7]
 [5 4 9 8 2 1 7 3 6]
 [8 2 1 6 3 7 4 5 9]
 [7 3 6 4 5 9 2 1 8]
 [2 6 5 1 8 3 9 7 4]
 [1 8 4 9 7 2 3 6 5]
 [3 9 7 5 4 6 8 2 1]]
Fitness: 20.0

Generation 60
Best ind: 
[[6 7 2 3 1 4 5 8 9]
 [9 1 8 7 6 5 4 2 3]
 [4 5 3 2 9 8 6 1 7]
 [5 4 9 8 2 1 7 3 6]
 [8 2 1 6 3 7 4 5 9]
 [7 3 6 4 5 9 2 1 8]
 [2 6 5 1 8 3 9 7 4]
 [1 8 4 9 7 2 3 6 5]
 [3 9 7 5 4 6 8 2 1]]
Fitness: 20.0

Generation 61
Best ind: 
[[7 6 2 3 1 4 5 8 9]
 [9 1 8 7 6 5 4 2 3]
 [4 3 5 2 9 8 6 1 7]
 [5 4 9 8 2 1 7 3 6]
 [8 2 1 6 3 7 4 5 9]
 [7 3 6 4 5 9 2 1 8]
 [2 5 3 1 8 6 9 7 4]
 [1 8 4 9 7 2 3 6 5]
 [6 9 7 5 4 3 8 2 1]]
Fitness: 14.285714285714285

Generation 62
Best ind: 
[[6 7 2 3 1 4 5 8 9]
 [9 1 8 7 6 5 4 2 3]
 [4 5 3 2 9 8 6 1 7]
 [5 4 9 8 2 1 7 3 6]
 [8 2 1 6 3 7 4 5 9]
 [7 3 6 4 5 9 2 1 8]
 [2 6 5 1 8 3 9 7 4]
 [1 8 4 9 7 2 3 6 5]
 [3 9 7 5 4 6 8 2 1]]
Fitness: 20.0

Generation 63
Best ind: 
[[6 7 2 3 1 4 5 8 9]
 [9 1 8 7 6 5 4 2 3]
 [4 5 3 2 9 8 6 1 7]
 [5 4 9 8 2 1 7 3 6]
 [8 2 1 6 3 7 4 5 9]
 [7 3 6 4 5 9 2 1 8]
 [2 6 5 1 8 3 9 7 4]
 [1 8 4 9 7 2 3 6 5]
 [3 9 7 5 4 6 8 2 1]]
Fitness: 20.0

Generation 64
Best ind: 
[[6 7 2 3 1 4 5 8 9]
 [9 1 8 7 6 5 4 2 3]
 [4 5 3 2 9 8 6 1 7]
 [5 4 9 8 2 1 7 3 6]
 [8 2 1 6 3 7 4 5 9]
 [7 3 6 4 5 9 2 1 8]
 [2 6 5 1 8 3 9 7 4]
 [1 8 4 9 7 2 3 6 5]
 [3 9 7 5 4 6 8 2 1]]
Fitness: 20.0

Generation 65
Best ind: 
[[6 7 2 3 1 4 5 8 9]
 [9 1 8 7 6 5 4 2 3]
 [4 5 3 2 9 8 6 1 7]
 [5 4 9 8 2 1 7 3 6]
 [8 2 1 6 3 7 4 5 9]
 [7 3 6 4 5 9 2 1 8]
 [2 6 5 1 8 3 9 7 4]
 [1 8 4 9 7 2 3 6 5]
 [3 9 7 5 4 6 8 2 1]]
Fitness: 20.0

Generation 66
Best ind: 
[[6 7 2 3 1 4 5 8 9]
 [9 1 8 7 6 5 4 2 3]
 [4 5 3 2 9 8 6 1 7]
 [5 4 9 8 2 1 7 3 6]
 [8 2 1 6 3 7 4 5 9]
 [7 3 6 4 5 9 2 1 8]
 [2 6 5 1 8 3 9 7 4]
 [1 8 4 9 7 2 3 6 5]
 [3 9 7 5 4 6 8 2 1]]
Fitness: 20.0

Generation 67
Best ind: 
[[6 7 2 3 1 4 5 8 9]
 [9 1 8 7 6 5 4 2 3]
 [4 5 3 2 9 8 6 1 7]
 [5 4 9 8 2 1 7 3 6]
 [8 2 1 6 3 7 4 5 9]
 [7 3 6 4 5 9 2 1 8]
 [2 6 5 1 8 3 9 7 4]
 [1 8 4 9 7 2 3 6 5]
 [3 9 7 5 4 6 8 2 1]]
Fitness: 20.0

Generation 68
Best ind: 
[[6 7 2 3 1 4 5 8 9]
 [9 1 8 7 6 5 4 2 3]
 [4 5 3 2 9 8 6 1 7]
 [5 4 9 8 2 1 7 3 6]
 [8 2 1 6 3 7 4 5 9]
 [7 3 6 4 5 9 2 1 8]
 [2 6 5 1 8 3 9 7 4]
 [1 8 4 9 7 2 3 6 5]
 [3 9 7 5 4 6 8 2 1]]
Fitness: 20.0

Generation 69
Best ind: 
[[6 7 2 3 1 4 5 8 9]
 [9 1 8 7 6 5 4 2 3]
 [4 5 3 2 9 8 6 1 7]
 [5 4 9 8 2 1 7 3 6]
 [8 2 1 6 3 7 4 5 9]
 [7 3 6 4 5 9 2 1 8]
 [2 6 5 1 8 3 9 7 4]
 [1 8 4 9 7 2 3 6 5]
 [3 9 7 5 4 6 8 2 1]]
Fitness: 20.0

Generation 70
Best ind: 
[[6 7 2 3 1 4 5 8 9]
 [9 1 8 7 6 5 4 2 3]
 [4 5 3 2 9 8 6 1 7]
 [5 4 9 8 2 1 7 3 6]
 [8 2 1 6 3 7 4 5 9]
 [7 3 6 4 5 9 2 1 8]
 [2 6 5 1 8 3 9 7 4]
 [1 8 4 9 7 2 3 6 5]
 [3 9 7 5 4 6 8 2 1]]
Fitness: 20.0

Generation 71
Best ind: 
[[6 7 2 3 1 4 5 8 9]
 [9 1 8 7 6 5 4 2 3]
 [4 5 3 2 9 8 6 1 7]
 [5 4 9 8 2 1 7 3 6]
 [8 2 1 6 3 7 4 5 9]
 [7 3 6 4 5 9 2 1 8]
 [2 6 5 1 8 3 9 7 4]
 [1 8 4 9 7 2 3 6 5]
 [3 9 7 5 4 6 8 2 1]]
Fitness: 20.0

Generation 72
Best ind: 
[[6 7 2 3 1 4 5 8 9]
 [9 1 8 7 6 5 4 2 3]
 [4 5 3 2 9 8 6 1 7]
 [5 4 9 8 2 1 7 3 6]
 [8 2 1 6 3 7 4 5 9]
 [7 3 6 4 5 9 2 1 8]
 [2 6 5 1 8 3 9 7 4]
 [1 8 4 9 7 2 3 6 5]
 [3 9 7 5 4 6 8 2 1]]
Fitness: 20.0

Generation 73
Best ind: 
[[6 7 2 3 1 4 5 8 9]
 [9 1 8 7 6 5 4 2 3]
 [4 5 3 2 9 8 6 1 7]
 [5 4 9 8 2 1 7 3 6]
 [8 2 1 6 3 7 4 5 9]
 [7 3 6 4 5 9 2 1 8]
 [2 6 5 1 8 3 9 7 4]
 [1 8 4 9 7 2 3 6 5]
 [3 9 7 5 4 6 8 2 1]]
Fitness: 20.0

Generation 74
Best ind: 
[[6 7 2 3 1 4 5 8 9]
 [9 1 8 7 6 5 4 2 3]
 [4 5 3 2 9 8 6 1 7]
 [5 4 9 8 2 1 7 3 6]
 [8 2 1 6 3 7 4 5 9]
 [7 3 6 4 5 9 2 1 8]
 [2 6 5 1 8 3 9 7 4]
 [1 8 4 9 7 2 3 6 5]
 [3 9 7 5 4 6 8 2 1]]
Fitness: 20.0

Generation 75
Best ind: 
[[6 7 2 3 1 4 5 8 9]
 [9 1 8 7 6 5 4 2 3]
 [4 5 3 2 9 8 6 1 7]
 [5 4 9 8 2 1 7 3 6]
 [8 2 1 6 3 7 4 5 9]
 [7 3 6 4 5 9 2 1 8]
 [2 6 5 1 8 3 9 7 4]
 [1 8 4 9 7 2 3 6 5]
 [3 9 7 5 4 6 8 2 1]]
Fitness: 20.0

Generation 76
Best ind: 
[[6 7 2 3 1 4 5 8 9]
 [9 1 8 7 6 5 4 2 3]
 [4 5 3 2 9 8 6 1 7]
 [5 4 9 8 2 1 7 3 6]
 [8 2 1 6 3 7 4 5 9]
 [7 3 6 4 5 9 2 1 8]
 [2 6 5 1 8 3 9 7 4]
 [1 8 4 9 7 2 3 6 5]
 [3 9 7 5 4 6 8 2 1]]
Fitness: 20.0

Generation 77
Best ind: 
[[6 7 2 3 1 4 5 8 9]
 [9 1 8 7 6 5 4 2 3]
 [4 5 3 2 9 8 6 1 7]
 [5 4 9 8 2 1 7 3 6]
 [8 2 1 6 3 7 4 5 9]
 [7 3 6 4 5 9 2 1 8]
 [2 6 5 1 8 3 9 7 4]
 [1 8 4 9 7 2 3 6 5]
 [3 9 7 5 4 6 8 2 1]]
Fitness: 20.0

Generation 78
Best ind: 
[[6 7 2 3 1 4 5 8 9]
 [9 1 8 7 6 5 4 2 3]
 [4 5 3 2 9 8 6 1 7]
 [5 4 9 8 2 1 7 3 6]
 [8 2 1 6 3 7 4 5 9]
 [7 3 6 4 5 9 2 1 8]
 [2 6 5 1 8 3 9 7 4]
 [1 8 4 9 7 2 3 6 5]
 [3 9 7 5 4 6 8 2 1]]
Fitness: 20.0

Generation 79
Best ind: 
[[6 7 2 3 1 4 5 8 9]
 [9 1 8 7 6 5 4 2 3]
 [4 5 3 2 9 8 6 1 7]
 [5 4 9 8 2 1 7 3 6]
 [8 2 1 6 3 7 4 5 9]
 [7 3 6 4 5 9 2 1 8]
 [2 6 5 1 8 3 9 7 4]
 [1 8 4 9 7 2 3 6 5]
 [3 9 7 5 4 6 8 2 1]]
Fitness: 20.0

Generation 80
Best ind: 
[[6 7 2 3 1 4 5 8 9]
 [9 1 8 7 6 5 4 2 3]
 [4 5 3 2 9 8 6 1 7]
 [5 4 9 8 2 1 7 3 6]
 [8 2 1 6 3 7 4 5 9]
 [7 3 6 4 5 9 2 1 8]
 [2 6 5 1 8 3 9 7 4]
 [1 8 4 9 7 2 3 6 5]
 [3 9 7 5 4 6 8 2 1]]
Fitness: 20.0

Generation 81
Best ind: 
[[6 7 2 3 1 4 5 8 9]
 [9 1 8 7 6 5 4 2 3]
 [4 5 3 2 9 8 6 1 7]
 [5 4 9 8 2 1 7 3 6]
 [8 2 1 6 3 7 4 5 9]
 [7 3 6 4 5 9 2 1 8]
 [2 6 5 1 8 3 9 7 4]
 [1 8 4 9 7 2 3 6 5]
 [3 9 7 5 4 6 8 2 1]]
Fitness: 20.0

Generation 82
Best ind: 
[[6 7 2 3 1 4 5 8 9]
 [9 1 8 7 6 5 4 2 3]
 [4 5 3 2 9 8 6 1 7]
 [5 4 9 8 2 1 7 3 6]
 [8 2 1 6 3 7 4 5 9]
 [7 3 6 4 5 9 2 1 8]
 [2 6 5 1 8 3 9 7 4]
 [1 8 4 9 7 2 3 6 5]
 [3 9 7 5 4 6 8 2 1]]
Fitness: 20.0

Generation 83
Best ind: 
[[6 7 2 3 1 4 5 8 9]
 [9 1 8 7 6 5 4 2 3]
 [4 5 3 2 9 8 6 1 7]
 [5 4 9 8 2 1 7 3 6]
 [8 2 1 6 3 7 4 5 9]
 [7 3 6 4 5 9 2 1 8]
 [2 6 5 1 8 3 9 7 4]
 [1 8 4 9 7 2 3 6 5]
 [3 9 7 5 4 6 8 2 1]]
Fitness: 20.0

Generation 84
Best ind: 
[[6 7 2 3 1 4 5 8 9]
 [9 1 8 7 6 5 4 2 3]
 [4 5 3 2 9 8 6 1 7]
 [5 4 9 8 2 1 7 3 6]
 [8 2 1 6 3 7 4 5 9]
 [7 3 6 4 5 9 2 1 8]
 [2 6 5 1 8 3 9 7 4]
 [1 8 4 9 7 2 3 6 5]
 [3 9 7 5 4 6 8 2 1]]
Fitness: 20.0

Generation 85
Best ind: 
[[6 7 2 3 1 4 5 8 9]
 [9 1 8 7 6 5 4 2 3]
 [4 5 3 2 9 8 6 1 7]
 [5 4 9 8 2 1 7 3 6]
 [8 2 1 6 3 7 4 5 9]
 [7 3 6 4 5 9 2 1 8]
 [2 6 5 1 8 3 9 7 4]
 [1 8 4 9 7 2 3 6 5]
 [3 9 7 5 4 6 8 2 1]]
Fitness: 20.0

Generation 86
Best ind: 
[[6 7 2 3 1 4 5 8 9]
 [9 1 8 7 6 5 4 2 3]
 [4 5 3 2 9 8 6 1 7]
 [5 4 9 8 2 1 7 3 6]
 [8 2 1 6 3 7 4 5 9]
 [7 3 6 4 5 9 2 1 8]
 [2 6 5 1 8 3 9 7 4]
 [1 8 4 9 7 2 3 6 5]
 [3 9 7 5 4 6 8 2 1]]
Fitness: 20.0

Generation 87
Best ind: 
[[6 7 2 3 1 4 5 8 9]
 [9 1 8 7 6 5 4 2 3]
 [4 5 3 2 9 8 6 1 7]
 [5 4 9 8 2 1 7 3 6]
 [8 2 1 6 3 7 4 5 9]
 [7 3 6 4 5 9 2 1 8]
 [2 6 5 1 8 3 9 7 4]
 [1 8 4 9 7 2 3 6 5]
 [3 9 7 5 4 6 8 2 1]]
Fitness: 20.0

Generation 88
Best ind: 
[[6 7 2 3 1 4 5 8 9]
 [9 1 8 7 6 5 4 2 3]
 [4 5 3 2 9 8 6 1 7]
 [5 4 9 8 2 1 7 3 6]
 [8 2 1 6 3 7 4 5 9]
 [7 3 6 4 5 9 2 1 8]
 [2 6 5 1 8 3 9 7 4]
 [1 8 4 9 7 2 3 6 5]
 [3 9 7 5 4 6 8 2 1]]
Fitness: 20.0

Generation 89
Best ind: 
[[6 7 2 3 1 4 5 8 9]
 [9 1 8 7 6 5 4 2 3]
 [4 5 3 2 9 8 6 1 7]
 [5 4 9 8 2 1 7 3 6]
 [8 2 1 6 3 7 4 5 9]
 [7 3 6 4 5 9 2 1 8]
 [2 6 5 1 8 3 9 7 4]
 [1 8 4 9 7 2 3 6 5]
 [3 9 7 5 4 6 8 2 1]]
Fitness: 20.0

Generation 90
Best ind: 
[[6 7 2 3 1 4 5 8 9]
 [9 1 8 7 6 5 4 2 3]
 [4 5 3 2 9 8 6 1 7]
 [5 4 9 8 2 1 7 3 6]
 [8 2 1 6 3 7 4 5 9]
 [7 3 6 4 5 9 2 1 8]
 [2 6 5 1 8 3 9 7 4]
 [1 8 4 9 7 2 3 6 5]
 [3 9 7 5 4 6 8 2 1]]
Fitness: 20.0

Generation 91
Best ind: 
[[6 7 2 3 1 4 5 8 9]
 [9 1 8 7 6 5 4 2 3]
 [4 5 3 2 9 8 6 1 7]
 [5 4 9 8 2 1 7 3 6]
 [8 2 1 6 3 7 4 5 9]
 [7 3 6 4 5 9 2 1 8]
 [2 6 5 1 8 3 9 7 4]
 [1 8 4 9 7 2 3 6 5]
 [3 9 7 5 4 6 8 2 1]]
Fitness: 20.0

Generation 92
Best ind: 
[[6 7 2 3 1 4 5 8 9]
 [9 1 8 7 6 5 4 2 3]
 [4 5 3 2 9 8 6 1 7]
 [5 4 9 8 2 1 7 3 6]
 [8 2 1 6 3 7 4 5 9]
 [7 3 6 4 5 9 2 1 8]
 [2 6 5 1 8 3 9 7 4]
 [1 8 4 9 7 2 3 6 5]
 [3 9 7 5 4 6 8 2 1]]
Fitness: 20.0

Generation 93
Best ind: 
[[6 7 2 3 1 4 5 8 9]
 [9 1 8 7 6 5 4 2 3]
 [4 5 3 2 9 8 6 1 7]
 [5 4 9 8 2 1 7 3 6]
 [8 2 1 6 3 7 4 5 9]
 [7 3 6 4 5 9 2 1 8]
 [2 6 5 1 8 3 9 7 4]
 [1 8 4 9 7 2 3 6 5]
 [3 9 7 5 4 6 8 2 1]]
Fitness: 20.0

Generation 94
Best ind: 
[[6 7 2 3 1 4 5 8 9]
 [9 1 8 7 6 5 4 2 3]
 [4 5 3 2 9 8 6 1 7]
 [5 4 9 8 2 1 7 3 6]
 [8 2 1 6 3 7 4 5 9]
 [7 3 6 4 5 9 2 1 8]
 [2 6 5 1 8 3 9 7 4]
 [1 8 4 9 7 2 3 6 5]
 [3 9 7 5 4 6 8 2 1]]
Fitness: 20.0

Generation 95
Best ind: 
[[6 7 2 3 1 4 5 8 9]
 [9 1 8 7 6 5 4 2 3]
 [4 5 3 2 9 8 6 1 7]
 [5 4 9 8 2 1 7 3 6]
 [8 2 1 6 3 7 4 5 9]
 [7 3 6 4 5 9 2 1 8]
 [2 6 5 1 8 3 9 7 4]
 [1 8 4 9 7 2 3 6 5]
 [3 9 7 5 4 6 8 2 1]]
Fitness: 20.0

Generation 96
Best ind: 
[[6 7 2 3 1 4 5 8 9]
 [9 1 8 7 6 5 4 2 3]
 [4 5 3 2 9 8 6 1 7]
 [5 4 9 8 2 1 7 3 6]
 [8 2 1 6 3 7 4 5 9]
 [7 3 6 4 5 9 2 1 8]
 [2 6 5 1 8 3 9 7 4]
 [1 8 4 9 7 2 3 6 5]
 [3 9 7 5 4 6 8 2 1]]
Fitness: 20.0

Generation 97
Best ind: 
[[6 7 2 3 1 4 5 8 9]
 [9 1 8 7 6 5 4 2 3]
 [4 5 3 2 9 8 6 1 7]
 [5 4 9 8 2 1 7 3 6]
 [8 2 1 6 3 7 4 5 9]
 [7 3 6 4 5 9 2 1 8]
 [2 6 5 1 8 3 9 7 4]
 [1 8 4 9 7 2 3 6 5]
 [3 9 7 5 4 6 8 2 1]]
Fitness: 20.0

Generation 98
Best ind: 
[[6 7 2 3 1 4 5 8 9]
 [9 1 8 7 6 5 4 2 3]
 [4 5 3 2 9 8 6 1 7]
 [5 4 9 8 2 1 7 3 6]
 [8 2 1 6 3 7 4 5 9]
 [7 3 6 4 5 9 2 1 8]
 [2 6 5 1 8 3 9 7 4]
 [1 8 4 9 7 2 3 6 5]
 [3 9 7 5 4 6 8 2 1]]
Fitness: 20.0

Generation 99
Best ind: 
[[6 7 2 3 1 4 5 8 9]
 [9 1 8 7 6 5 4 2 3]
 [4 5 3 2 9 8 6 1 7]
 [5 4 9 8 2 1 7 3 6]
 [8 2 1 6 3 7 4 5 9]
 [7 3 6 5 4 9 2 1 8]
 [2 6 5 1 8 3 9 7 4]
 [1 8 4 9 7 2 3 6 5]
 [3 9 7 4 5 6 8 2 1]]
Fitness: 20.0

Generation 100
Best ind: 
[[6 7 2 3 1 4 5 8 9]
 [9 1 8 7 6 5 4 2 3]
 [4 5 3 2 9 8 6 1 7]
 [5 4 9 8 2 1 7 3 6]
 [8 2 1 6 3 7 4 5 9]
 [7 3 6 4 5 9 2 1 8]
 [2 6 5 1 8 3 9 7 4]
 [1 8 4 9 7 2 3 6 5]
 [3 9 7 5 4 6 8 2 1]]
Fitness: 20.0

Generation 101
Best ind: 
[[6 7 2 3 1 4 5 8 9]
 [9 1 8 7 6 5 4 2 3]
 [4 5 3 2 9 8 6 1 7]
 [5 4 9 8 2 1 7 3 6]
 [8 2 1 6 3 7 4 5 9]
 [7 3 6 4 5 9 2 1 8]
 [2 6 5 1 8 3 9 7 4]
 [1 8 4 9 7 2 3 6 5]
 [3 9 7 5 4 6 8 2 1]]
Fitness: 20.0

Generation 102
Best ind: 
[[6 7 2 3 1 4 5 8 9]
 [9 1 8 7 6 5 4 2 3]
 [4 5 3 2 9 8 6 1 7]
 [5 4 9 8 2 1 7 3 6]
 [8 2 1 6 3 7 4 5 9]
 [7 3 6 4 5 9 2 1 8]
 [2 6 5 1 8 3 9 7 4]
 [1 8 4 9 7 2 3 6 5]
 [3 9 7 5 4 6 8 2 1]]
Fitness: 20.0

Generation 103
Best ind: 
[[6 7 2 3 1 4 5 8 9]
 [9 1 8 7 6 5 4 2 3]
 [4 5 3 2 9 8 6 1 7]
 [5 4 9 8 2 1 7 3 6]
 [8 2 1 6 3 7 4 5 9]
 [7 3 6 4 5 9 2 1 8]
 [2 6 5 1 8 3 9 7 4]
 [1 8 4 9 7 2 3 6 5]
 [3 9 7 5 4 6 8 2 1]]
Fitness: 20.0

Generation 104
Best ind: 
[[6 7 2 3 1 4 5 8 9]
 [9 1 8 7 6 5 4 2 3]
 [4 5 3 2 9 8 6 1 7]
 [5 4 9 8 2 1 7 3 6]
 [8 2 1 6 3 7 4 5 9]
 [7 3 6 4 5 9 2 1 8]
 [2 6 5 1 8 3 9 7 4]
 [1 8 4 9 7 2 3 6 5]
 [3 9 7 5 4 6 8 2 1]]
Fitness: 20.0

Generation 105
Best ind: 
[[6 7 2 3 1 4 5 8 9]
 [9 1 8 7 6 5 4 2 3]
 [4 5 3 2 9 8 6 1 7]
 [5 4 9 8 2 1 7 3 6]
 [8 2 1 6 3 7 4 5 9]
 [7 3 6 4 5 9 2 1 8]
 [2 6 5 1 8 3 9 7 4]
 [1 8 4 9 7 2 3 6 5]
 [3 9 7 5 4 6 8 2 1]]
Fitness: 20.0

Generation 106
Best ind: 
[[6 7 2 3 1 4 5 8 9]
 [9 1 8 7 6 5 4 2 3]
 [4 5 3 2 9 8 6 1 7]
 [5 4 9 8 2 1 7 3 6]
 [8 2 1 6 3 7 4 5 9]
 [7 3 6 4 5 9 2 1 8]
 [2 6 5 1 8 3 9 7 4]
 [1 8 4 9 7 2 3 6 5]
 [3 9 7 5 4 6 8 2 1]]
Fitness: 20.0

Generation 107
Best ind: 
[[6 7 2 3 1 4 5 8 9]
 [9 1 8 7 6 5 4 2 3]
 [4 5 3 2 9 8 6 1 7]
 [5 4 9 8 2 1 7 3 6]
 [8 2 1 6 3 7 4 5 9]
 [7 3 6 4 5 9 2 1 8]
 [2 6 5 1 8 3 9 7 4]
 [1 8 4 9 7 2 3 6 5]
 [3 9 7 5 4 6 8 2 1]]
Fitness: 20.0

Generation 108
Best ind: 
[[6 7 2 3 1 4 5 8 9]
 [9 1 8 7 6 5 4 2 3]
 [4 5 3 2 9 8 6 1 7]
 [5 4 9 8 2 1 7 3 6]
 [8 2 1 6 3 7 4 5 9]
 [7 3 6 4 5 9 2 1 8]
 [2 6 5 1 8 3 9 7 4]
 [1 8 4 9 7 2 3 6 5]
 [3 9 7 5 4 6 8 2 1]]
Fitness: 20.0

Generation 109
Best ind: 
[[6 7 2 3 1 4 5 8 9]
 [9 1 8 7 6 5 4 2 3]
 [4 5 3 2 9 8 6 1 7]
 [5 4 9 8 2 1 7 3 6]
 [8 2 1 6 3 7 4 5 9]
 [7 3 6 4 5 9 2 1 8]
 [2 6 5 1 8 3 9 7 4]
 [1 8 4 9 7 2 3 6 5]
 [3 9 7 5 4 6 8 2 1]]
Fitness: 20.0

Generation 110
Best ind: 
[[6 7 2 3 1 4 5 8 9]
 [9 1 8 7 6 5 4 2 3]
 [4 5 3 2 9 8 6 1 7]
 [5 4 9 8 2 1 7 3 6]
 [8 2 1 6 3 7 4 5 9]
 [7 3 6 5 4 9 2 1 8]
 [2 6 5 1 8 3 9 7 4]
 [1 8 4 9 7 2 3 6 5]
 [3 9 7 4 5 6 8 2 1]]
Fitness: 20.0

Generation 111
Best ind: 
[[6 7 2 3 1 4 5 8 9]
 [9 1 8 7 6 5 4 2 3]
 [4 5 3 2 9 8 6 1 7]
 [5 4 9 8 2 1 7 3 6]
 [8 2 1 6 3 7 4 5 9]
 [7 3 6 4 5 9 2 1 8]
 [2 6 5 1 8 3 9 7 4]
 [1 8 4 9 7 2 3 6 5]
 [3 9 7 5 4 6 8 2 1]]
Fitness: 20.0

Generation 112
Best ind: 
[[6 7 2 3 1 4 5 8 9]
 [9 1 8 7 6 5 4 2 3]
 [4 5 3 2 9 8 6 1 7]
 [5 4 9 8 2 1 7 3 6]
 [8 2 1 6 3 7 4 5 9]
 [7 3 6 5 4 9 2 1 8]
 [2 6 5 1 8 3 9 7 4]
 [1 8 4 9 7 2 3 6 5]
 [3 9 7 4 5 6 8 2 1]]
Fitness: 20.0

Generation 113
Best ind: 
[[6 7 2 3 1 4 5 8 9]
 [9 1 8 7 6 5 4 2 3]
 [4 5 3 2 9 8 6 1 7]
 [5 4 9 8 2 1 7 3 6]
 [8 2 1 6 3 7 4 5 9]
 [7 3 6 4 5 9 2 1 8]
 [2 6 5 1 8 3 9 7 4]
 [1 8 4 9 7 2 3 6 5]
 [3 9 7 5 4 6 8 2 1]]
Fitness: 20.0

Generation 114
Best ind: 
[[6 7 2 3 1 4 5 8 9]
 [9 1 8 7 6 5 4 2 3]
 [4 5 3 2 9 8 6 1 7]
 [5 4 9 8 2 1 7 3 6]
 [8 2 1 6 3 7 4 5 9]
 [7 3 6 4 5 9 2 1 8]
 [2 6 5 1 8 3 9 7 4]
 [1 8 4 9 7 2 3 6 5]
 [3 9 7 5 4 6 8 2 1]]
Fitness: 20.0

Generation 115
Best ind: 
[[6 7 2 3 1 4 5 8 9]
 [9 1 8 7 6 5 4 2 3]
 [4 5 3 2 9 8 6 1 7]
 [5 4 9 8 2 1 7 3 6]
 [8 2 1 6 3 7 4 5 9]
 [7 3 6 4 5 9 2 1 8]
 [2 6 5 1 8 3 9 7 4]
 [1 8 4 9 7 2 3 6 5]
 [3 9 7 5 4 6 8 2 1]]
Fitness: 20.0

Generation 116
Best ind: 
[[6 7 2 3 1 4 5 8 9]
 [9 1 8 7 6 5 4 2 3]
 [4 5 3 2 9 8 6 1 7]
 [5 4 9 8 2 1 7 3 6]
 [8 2 1 6 3 7 4 5 9]
 [7 3 6 4 5 9 2 1 8]
 [2 6 5 1 8 3 9 7 4]
 [1 8 4 9 7 2 3 6 5]
 [3 9 7 5 4 6 8 2 1]]
Fitness: 20.0

Generation 117
Best ind: 
[[6 7 2 3 1 4 5 8 9]
 [9 1 8 7 6 5 4 2 3]
 [4 5 3 2 9 8 6 1 7]
 [5 4 9 8 2 1 7 3 6]
 [8 2 1 6 3 7 4 5 9]
 [7 3 6 4 5 9 2 1 8]
 [2 6 5 1 8 3 9 7 4]
 [1 8 4 9 7 2 3 6 5]
 [3 9 7 5 4 6 8 2 1]]
Fitness: 20.0

Generation 118
Best ind: 
[[6 7 2 3 1 4 5 8 9]
 [9 1 8 7 6 5 4 2 3]
 [4 5 3 2 9 8 6 1 7]
 [5 4 9 8 2 1 7 3 6]
 [8 2 1 6 3 7 4 5 9]
 [7 3 6 4 5 9 2 1 8]
 [2 6 5 1 8 3 9 7 4]
 [1 8 4 9 7 2 3 6 5]
 [3 9 7 5 4 6 8 2 1]]
Fitness: 20.0

Generation 119
Best ind: 
[[6 7 2 3 1 4 5 8 9]
 [9 1 8 7 6 5 4 2 3]
 [4 5 3 2 9 8 6 1 7]
 [5 4 9 8 2 1 7 3 6]
 [8 2 1 6 3 7 4 5 9]
 [7 3 6 4 5 9 2 1 8]
 [2 6 5 1 8 3 9 7 4]
 [1 8 4 9 7 2 3 6 5]
 [3 9 7 5 4 6 8 2 1]]
Fitness: 20.0

Generation 120
Best ind: 
[[6 7 2 3 1 4 5 8 9]
 [9 1 8 7 6 5 4 2 3]
 [4 5 3 2 9 8 6 1 7]
 [5 4 9 8 2 1 7 3 6]
 [8 2 1 6 3 7 4 5 9]
 [7 3 6 5 4 9 2 1 8]
 [2 6 5 1 8 3 9 7 4]
 [1 8 4 9 7 2 3 6 5]
 [3 9 7 4 5 6 8 2 1]]
Fitness: 20.0

Generation 121
Best ind: 
[[6 7 2 3 1 4 5 8 9]
 [9 1 8 7 6 5 4 2 3]
 [4 5 3 2 9 8 6 1 7]
 [5 4 9 8 2 1 7 3 6]
 [8 2 1 6 3 7 4 5 9]
 [7 3 6 4 5 9 2 1 8]
 [2 6 5 1 8 3 9 7 4]
 [1 8 4 9 7 2 3 6 5]
 [3 9 7 5 4 6 8 2 1]]
Fitness: 20.0

Generation 122
Best ind: 
[[6 7 2 3 1 4 5 8 9]
 [9 1 8 7 6 5 4 2 3]
 [4 5 3 2 9 8 6 1 7]
 [5 4 9 8 2 1 7 3 6]
 [8 2 1 6 3 7 4 5 9]
 [7 3 6 4 5 9 2 1 8]
 [2 6 5 1 8 3 9 7 4]
 [1 8 4 9 7 2 3 6 5]
 [3 9 7 5 4 6 8 2 1]]
Fitness: 20.0

Generation 123
Best ind: 
[[6 7 2 3 1 4 5 8 9]
 [9 1 8 7 6 5 4 2 3]
 [4 5 3 2 9 8 6 1 7]
 [5 4 9 8 2 1 7 3 6]
 [8 2 1 6 3 7 4 5 9]
 [7 3 6 5 4 9 2 1 8]
 [2 6 5 1 8 3 9 7 4]
 [1 8 4 9 7 2 3 6 5]
 [3 9 7 4 5 6 8 2 1]]
Fitness: 20.0

Generation 124
Best ind: 
[[6 7 2 3 1 4 5 8 9]
 [9 1 8 7 6 5 4 2 3]
 [4 5 3 2 9 8 6 1 7]
 [5 4 9 8 2 1 7 3 6]
 [8 2 1 6 3 7 4 5 9]
 [7 3 6 4 5 9 2 1 8]
 [2 6 5 1 8 3 9 7 4]
 [1 8 4 9 7 2 3 6 5]
 [3 9 7 5 4 6 8 2 1]]
Fitness: 20.0

Generation 125
Best ind: 
[[6 7 2 3 1 4 5 8 9]
 [9 1 8 7 6 5 4 2 3]
 [4 5 3 2 9 8 6 1 7]
 [5 4 9 8 2 1 7 3 6]
 [8 2 1 6 3 7 4 5 9]
 [7 3 6 4 5 9 2 1 8]
 [2 6 5 1 8 3 9 7 4]
 [1 8 4 9 7 2 3 6 5]
 [3 9 7 5 4 6 8 2 1]]
Fitness: 20.0

Generation 126
Best ind: 
[[6 7 2 3 1 4 5 8 9]
 [9 1 8 7 6 5 4 2 3]
 [4 5 3 2 9 8 6 1 7]
 [5 4 9 8 2 1 7 3 6]
 [8 2 1 6 3 7 4 5 9]
 [7 3 6 4 5 9 2 1 8]
 [2 6 5 1 8 3 9 7 4]
 [1 8 4 9 7 2 3 6 5]
 [3 9 7 5 4 6 8 2 1]]
Fitness: 20.0

Generation 127
Best ind: 
[[6 7 2 3 1 4 5 8 9]
 [9 1 8 7 6 5 4 2 3]
 [4 5 3 2 9 8 6 1 7]
 [5 4 9 8 2 1 7 3 6]
 [8 2 1 6 3 7 4 5 9]
 [7 3 6 4 5 9 2 1 8]
 [2 6 5 1 8 3 9 7 4]
 [1 8 4 9 7 2 3 6 5]
 [3 9 7 5 4 6 8 2 1]]
Fitness: 20.0

Generation 128
Best ind: 
[[6 7 2 3 1 4 5 8 9]
 [9 1 8 7 6 5 4 2 3]
 [4 5 3 2 9 8 6 1 7]
 [5 4 9 8 2 1 7 3 6]
 [8 2 1 6 3 7 4 5 9]
 [7 3 6 4 5 9 2 1 8]
 [2 6 5 1 8 3 9 7 4]
 [1 8 4 9 7 2 3 6 5]
 [3 9 7 5 4 6 8 2 1]]
Fitness: 20.0

Generation 129
Best ind: 
[[6 7 2 3 1 4 5 8 9]
 [9 1 8 7 6 5 4 2 3]
 [4 5 3 2 9 8 6 1 7]
 [5 4 9 8 2 1 7 3 6]
 [8 2 1 6 3 7 4 5 9]
 [7 3 6 4 5 9 2 1 8]
 [2 6 5 1 8 3 9 7 4]
 [1 8 4 9 7 2 3 6 5]
 [3 9 7 5 4 6 8 2 1]]
Fitness: 20.0

Generation 130
Best ind: 
[[6 7 2 3 1 4 5 8 9]
 [9 1 8 7 6 5 4 2 3]
 [4 5 3 2 9 8 6 1 7]
 [5 4 9 8 2 1 7 3 6]
 [8 2 1 6 3 7 4 5 9]
 [7 3 6 4 5 9 2 1 8]
 [2 6 5 1 8 3 9 7 4]
 [1 8 4 9 7 2 3 6 5]
 [3 9 7 5 4 6 8 2 1]]
Fitness: 20.0

Generation 131
Best ind: 
[[6 7 2 3 1 4 5 8 9]
 [9 1 8 7 6 5 4 2 3]
 [4 5 3 2 9 8 6 1 7]
 [5 4 9 8 2 1 7 3 6]
 [8 2 1 6 3 7 4 5 9]
 [7 3 6 4 5 9 2 1 8]
 [2 6 5 1 8 3 9 7 4]
 [1 8 4 9 7 2 3 6 5]
 [3 9 7 5 4 6 8 2 1]]
Fitness: 20.0

Generation 132
Best ind: 
[[6 7 2 3 1 4 5 8 9]
 [9 1 8 7 6 5 4 2 3]
 [4 5 3 2 9 8 6 1 7]
 [5 4 9 8 2 1 7 3 6]
 [8 2 1 6 3 7 4 5 9]
 [7 3 6 4 5 9 2 1 8]
 [2 6 5 1 8 3 9 7 4]
 [1 8 4 9 7 2 3 6 5]
 [3 9 7 5 4 6 8 2 1]]
Fitness: 20.0

Generation 133
Best ind: 
[[6 7 2 3 1 4 5 8 9]
 [9 1 8 7 6 5 4 2 3]
 [4 5 3 2 9 8 6 1 7]
 [5 4 9 8 2 1 7 3 6]
 [8 2 1 6 3 7 4 5 9]
 [7 3 6 4 5 9 2 1 8]
 [2 6 5 1 8 3 9 7 4]
 [1 8 4 9 7 2 3 6 5]
 [3 9 7 5 4 6 8 2 1]]
Fitness: 20.0

Generation 134
Best ind: 
[[6 7 2 3 1 4 5 8 9]
 [9 1 8 7 6 5 4 2 3]
 [4 5 3 2 9 8 6 1 7]
 [5 4 9 8 2 1 7 3 6]
 [8 2 1 6 3 7 4 5 9]
 [7 3 6 4 5 9 2 1 8]
 [2 6 5 1 8 3 9 7 4]
 [1 8 4 9 7 2 3 6 5]
 [3 9 7 5 4 6 8 2 1]]
Fitness: 20.0

Generation 135
Best ind: 
[[6 7 2 3 1 4 5 8 9]
 [9 1 8 7 6 5 4 2 3]
 [4 5 3 2 9 8 6 1 7]
 [5 4 9 8 2 1 7 3 6]
 [8 2 1 6 3 7 4 5 9]
 [7 3 6 4 5 9 2 1 8]
 [2 6 5 1 8 3 9 7 4]
 [1 8 4 9 7 2 3 6 5]
 [3 9 7 5 4 6 8 2 1]]
Fitness: 20.0

Generation 136
Best ind: 
[[6 7 2 3 1 4 5 8 9]
 [9 1 8 7 6 5 4 2 3]
 [4 5 3 2 9 8 6 1 7]
 [5 4 9 8 2 1 7 3 6]
 [8 2 1 6 3 7 4 5 9]
 [7 3 6 4 5 9 2 1 8]
 [2 6 5 1 8 3 9 7 4]
 [1 8 4 9 7 2 3 6 5]
 [3 9 7 5 4 6 8 2 1]]
Fitness: 20.0

Generation 137
Best ind: 
[[6 7 2 3 1 4 5 8 9]
 [9 1 8 7 6 5 4 2 3]
 [4 5 3 2 9 8 6 1 7]
 [5 4 9 8 2 1 7 3 6]
 [8 2 1 6 3 7 4 5 9]
 [7 3 6 4 5 9 2 1 8]
 [2 6 5 1 8 3 9 7 4]
 [1 8 4 9 7 2 3 6 5]
 [3 9 7 5 4 6 8 2 1]]
Fitness: 20.0

Generation 138
Best ind: 
[[6 7 2 3 1 4 5 8 9]
 [9 1 8 7 6 5 4 2 3]
 [4 5 3 2 9 8 6 1 7]
 [5 4 9 8 2 1 7 3 6]
 [8 2 1 6 3 7 4 5 9]
 [7 3 6 4 5 9 2 1 8]
 [2 6 5 1 8 3 9 7 4]
 [1 8 4 9 7 2 3 6 5]
 [3 9 7 5 4 6 8 2 1]]
Fitness: 20.0

Generation 139
Best ind: 
[[6 7 2 3 1 4 5 8 9]
 [9 1 8 7 6 5 4 2 3]
 [4 5 3 2 9 8 6 1 7]
 [5 4 9 8 2 1 7 3 6]
 [8 2 1 6 3 7 4 5 9]
 [7 3 6 4 5 9 2 1 8]
 [2 6 5 1 8 3 9 7 4]
 [1 8 4 9 7 2 3 6 5]
 [3 9 7 5 4 6 8 1 2]]
Fitness: 20.0

Generation 140
Best ind: 
[[6 7 2 3 1 4 5 8 9]
 [9 1 8 7 6 5 4 2 3]
 [4 5 3 2 9 8 6 1 7]
 [5 4 9 8 2 1 7 3 6]
 [8 2 1 6 3 7 4 5 9]
 [7 3 6 4 5 9 2 1 8]
 [2 6 5 1 8 3 9 7 4]
 [1 8 4 9 7 2 3 6 5]
 [3 9 7 5 4 6 8 2 1]]
Fitness: 20.0

Generation 141
Best ind: 
[[6 7 2 3 1 4 5 8 9]
 [9 1 8 7 6 5 4 2 3]
 [4 5 3 2 9 8 6 1 7]
 [5 4 9 8 2 1 7 3 6]
 [8 2 1 6 3 7 4 5 9]
 [7 3 6 4 5 9 2 1 8]
 [2 6 5 1 8 3 9 7 4]
 [1 8 4 9 7 2 3 6 5]
 [3 9 7 5 4 6 8 2 1]]
Fitness: 20.0

Generation 142
Best ind: 
[[6 7 2 3 1 4 5 8 9]
 [9 1 8 7 6 5 4 2 3]
 [4 5 3 2 9 8 6 1 7]
 [5 4 9 8 2 1 7 3 6]
 [8 2 1 6 3 7 4 5 9]
 [7 3 6 4 5 9 2 1 8]
 [2 6 5 1 8 3 9 7 4]
 [1 8 4 9 7 2 3 6 5]
 [3 9 7 5 4 6 8 2 1]]
Fitness: 20.0

Generation 143
Best ind: 
[[6 7 2 3 1 4 5 8 9]
 [9 1 8 7 6 5 4 2 3]
 [4 5 3 2 9 8 6 1 7]
 [5 4 9 8 2 1 7 3 6]
 [8 2 1 6 3 7 4 5 9]
 [7 3 6 4 5 9 2 1 8]
 [2 6 5 1 8 3 9 7 4]
 [1 8 4 9 7 2 3 6 5]
 [3 9 7 5 4 6 8 2 1]]
Fitness: 20.0

Generation 144
Best ind: 
[[6 7 2 3 1 4 5 8 9]
 [9 1 8 7 6 5 4 2 3]
 [4 5 3 2 9 8 6 1 7]
 [5 4 9 8 2 1 7 3 6]
 [8 2 1 6 3 7 4 5 9]
 [7 3 6 4 5 9 2 1 8]
 [2 6 5 1 8 3 9 7 4]
 [1 8 4 9 7 2 3 6 5]
 [3 9 7 5 4 6 8 2 1]]
Fitness: 20.0

Generation 145
Best ind: 
[[6 7 2 3 1 4 5 8 9]
 [9 1 8 7 6 5 4 2 3]
 [4 5 3 2 9 8 6 1 7]
 [5 4 9 8 2 1 7 3 6]
 [8 2 1 6 3 7 4 5 9]
 [7 3 6 4 5 9 2 1 8]
 [2 6 5 1 8 3 9 7 4]
 [1 8 4 9 7 2 3 6 5]
 [3 9 7 5 4 6 8 2 1]]
Fitness: 20.0

Generation 146
Best ind: 
[[6 7 2 3 1 4 5 8 9]
 [9 1 8 7 6 5 4 2 3]
 [4 5 3 2 9 8 6 1 7]
 [5 4 9 8 2 1 7 3 6]
 [8 2 1 6 3 7 4 5 9]
 [7 3 6 4 5 9 2 1 8]
 [2 6 5 1 8 3 9 7 4]
 [1 8 4 9 7 2 3 6 5]
 [3 9 7 5 4 6 8 2 1]]
Fitness: 20.0

Generation 147
Best ind: 
[[6 7 2 3 1 4 5 8 9]
 [9 1 8 7 6 5 4 2 3]
 [4 5 3 2 9 8 6 1 7]
 [5 4 9 8 2 1 7 3 6]
 [8 2 1 6 3 7 4 5 9]
 [7 3 6 4 5 9 2 1 8]
 [2 6 5 1 8 3 9 7 4]
 [1 8 4 9 7 2 3 6 5]
 [3 9 7 5 4 6 8 2 1]]
Fitness: 20.0

Generation 148
Best ind: 
[[6 7 2 3 1 4 5 8 9]
 [9 1 8 7 6 5 4 2 3]
 [4 5 3 2 9 8 1 6 7]
 [5 4 9 8 2 1 7 3 6]
 [8 2 1 6 3 7 4 5 9]
 [7 3 6 4 5 9 2 1 8]
 [2 6 5 1 8 3 9 7 4]
 [1 8 4 9 7 2 3 6 5]
 [3 9 7 5 4 6 8 2 1]]
Fitness: 20.0

Generation 149
Best ind: 
[[6 7 2 3 1 4 5 8 9]
 [9 1 8 7 6 5 4 2 3]
 [4 5 3 2 9 8 6 1 7]
 [5 4 9 8 2 1 7 3 6]
 [8 2 1 6 3 7 4 5 9]
 [7 3 6 4 5 9 2 1 8]
 [2 6 5 1 8 3 9 7 4]
 [1 8 4 9 7 2 3 6 5]
 [3 9 7 5 4 6 8 2 1]]
Fitness: 20.0

Generation 150
Best ind: 
[[6 7 2 3 1 4 5 8 9]
 [9 1 8 7 6 5 4 2 3]
 [4 5 3 2 9 8 6 1 7]
 [5 4 9 8 2 1 7 3 6]
 [8 2 1 6 3 7 4 5 9]
 [7 3 6 4 5 9 2 1 8]
 [2 6 5 1 8 3 9 7 4]
 [1 8 4 9 7 2 3 6 5]
 [3 9 7 5 4 6 8 2 1]]
Fitness: 20.0

Generation 151
Best ind: 
[[6 7 2 3 1 4 5 8 9]
 [9 1 8 7 6 5 4 2 3]
 [4 5 3 2 9 8 1 6 7]
 [5 4 9 8 2 1 7 3 6]
 [8 2 1 6 3 7 4 5 9]
 [7 3 6 4 5 9 2 1 8]
 [2 6 5 1 8 3 9 7 4]
 [1 8 4 9 7 2 3 6 5]
 [3 9 7 5 4 6 8 2 1]]
Fitness: 20.0

Generation 152
Best ind: 
[[6 7 2 3 1 4 5 8 9]
 [9 1 8 7 6 5 4 2 3]
 [4 5 3 2 9 8 6 1 7]
 [5 4 9 8 2 1 7 3 6]
 [8 2 1 6 3 7 4 5 9]
 [7 3 6 4 5 9 2 1 8]
 [2 6 5 1 8 3 9 7 4]
 [1 8 4 9 7 2 3 6 5]
 [3 9 7 5 4 6 8 2 1]]
Fitness: 20.0

Generation 153
Best ind: 
[[6 7 2 3 1 4 5 8 9]
 [9 1 8 7 6 5 4 2 3]
 [4 5 3 2 9 8 6 1 7]
 [5 4 9 8 2 1 7 3 6]
 [8 2 1 6 3 7 4 5 9]
 [7 3 6 4 5 9 2 1 8]
 [2 6 5 1 8 3 9 7 4]
 [1 8 4 9 7 2 3 6 5]
 [3 9 7 5 4 6 8 2 1]]
Fitness: 20.0

Generation 154
Best ind: 
[[6 7 2 3 1 4 5 8 9]
 [9 1 8 7 6 5 3 2 4]
 [4 5 3 2 9 8 6 1 7]
 [5 4 9 8 2 1 7 3 6]
 [8 2 1 6 3 7 4 5 9]
 [7 3 6 4 5 9 2 1 8]
 [2 6 5 1 8 3 9 7 4]
 [3 8 4 9 7 2 1 6 5]
 [1 9 7 5 4 6 8 2 3]]
Fitness: 20.0

Generation 155
Best ind: 
[[6 7 2 3 1 4 5 8 9]
 [9 1 8 7 6 5 4 2 3]
 [4 5 3 2 9 8 6 1 7]
 [5 4 9 8 2 1 7 3 6]
 [8 2 1 6 3 7 4 5 9]
 [7 3 6 4 5 9 2 1 8]
 [2 6 5 1 8 3 9 7 4]
 [1 8 4 9 7 2 3 6 5]
 [3 9 7 5 4 6 8 2 1]]
Fitness: 20.0

Generation 156
Best ind: 
[[6 7 2 3 1 4 5 8 9]
 [9 1 8 7 6 5 4 2 3]
 [4 5 3 2 9 8 1 6 7]
 [5 4 9 8 2 1 7 3 6]
 [8 2 1 6 3 7 4 5 9]
 [7 3 6 4 5 9 2 1 8]
 [2 6 5 1 8 3 9 7 4]
 [1 8 4 9 7 2 3 6 5]
 [3 9 7 5 4 6 8 2 1]]
Fitness: 20.0

Generation 157
Best ind: 
[[6 7 2 3 1 4 5 8 9]
 [9 1 8 7 6 5 4 2 3]
 [4 5 3 2 9 8 6 1 7]
 [5 4 9 8 2 1 7 3 6]
 [8 2 1 6 3 7 4 5 9]
 [7 3 6 4 5 9 2 1 8]
 [2 6 5 1 8 3 9 7 4]
 [1 8 4 9 7 2 3 6 5]
 [3 9 7 5 4 6 8 2 1]]
Fitness: 20.0

Generation 158
Best ind: 
[[6 7 2 3 1 4 5 8 9]
 [9 1 8 7 6 5 4 2 3]
 [4 5 3 2 9 8 6 1 7]
 [5 4 9 8 2 1 7 3 6]
 [8 2 1 6 3 7 4 5 9]
 [7 3 6 4 5 9 2 1 8]
 [2 6 5 1 8 3 9 7 4]
 [1 8 4 9 7 2 3 6 5]
 [3 9 7 5 4 6 8 2 1]]
Fitness: 20.0

Generation 159
Best ind: 
[[6 7 2 3 1 4 5 8 9]
 [9 1 8 7 6 5 4 2 3]
 [4 5 3 2 9 8 6 1 7]
 [5 4 9 8 2 1 7 3 6]
 [8 2 1 6 3 7 4 5 9]
 [7 3 6 4 5 9 2 1 8]
 [2 6 5 1 8 3 9 7 4]
 [1 8 4 9 7 2 3 6 5]
 [3 9 7 5 4 6 8 2 1]]
Fitness: 20.0

Generation 160
Best ind: 
[[6 7 2 3 1 4 5 8 9]
 [9 1 8 7 6 5 4 2 3]
 [4 5 3 2 9 8 6 1 7]
 [5 4 9 8 2 1 7 3 6]
 [8 2 1 6 3 7 4 5 9]
 [7 3 6 4 5 9 2 1 8]
 [2 6 5 1 8 3 9 7 4]
 [1 8 4 9 7 2 3 6 5]
 [3 9 7 5 4 6 8 2 1]]
Fitness: 20.0

Generation 161
Best ind: 
[[6 7 2 3 1 4 5 8 9]
 [9 1 8 7 6 5 4 2 3]
 [4 5 3 2 9 8 6 1 7]
 [5 4 9 8 2 1 7 3 6]
 [8 2 1 6 3 7 4 5 9]
 [7 3 6 4 5 9 2 1 8]
 [2 6 5 1 8 3 9 7 4]
 [1 8 4 9 7 2 3 6 5]
 [3 9 7 5 4 6 8 2 1]]
Fitness: 20.0

Generation 162
Best ind: 
[[6 7 2 3 1 4 5 8 9]
 [9 1 8 7 6 5 4 2 3]
 [4 5 3 2 9 8 1 6 7]
 [5 4 9 8 2 1 7 3 6]
 [8 2 1 6 3 7 4 5 9]
 [7 3 6 4 5 9 2 1 8]
 [2 6 5 1 8 3 9 7 4]
 [1 8 4 9 7 2 3 6 5]
 [3 9 7 5 4 6 8 1 2]]
Fitness: 20.0

Generation 163
Best ind: 
[[6 7 2 3 1 4 5 8 9]
 [9 1 8 7 6 5 4 2 3]
 [4 5 3 2 9 8 6 1 7]
 [5 4 9 8 2 1 7 3 6]
 [8 2 1 6 3 7 4 5 9]
 [7 3 6 4 5 9 2 1 8]
 [2 6 5 1 8 3 9 7 4]
 [1 8 4 9 7 2 3 6 5]
 [3 9 7 5 4 6 8 2 1]]
Fitness: 20.0

Generation 164
Best ind: 
[[6 7 2 3 1 4 5 8 9]
 [9 1 8 7 6 5 4 2 3]
 [4 5 3 2 9 8 6 1 7]
 [5 4 9 8 2 1 7 3 6]
 [8 2 1 6 3 7 4 5 9]
 [7 3 6 4 5 9 2 1 8]
 [2 6 5 1 8 3 9 7 4]
 [1 8 4 9 7 2 3 6 5]
 [3 9 7 5 4 6 8 2 1]]
Fitness: 20.0

Generation 165
Best ind: 
[[6 7 2 3 1 4 5 8 9]
 [9 1 8 7 6 5 4 2 3]
 [4 5 3 2 9 8 6 1 7]
 [5 4 9 8 2 1 7 3 6]
 [8 2 1 6 3 7 4 5 9]
 [7 3 6 4 5 9 2 1 8]
 [2 6 5 1 8 3 9 7 4]
 [1 8 4 9 7 2 3 6 5]
 [3 9 7 5 4 6 8 2 1]]
Fitness: 20.0

Generation 166
Best ind: 
[[6 7 2 3 1 4 5 8 9]
 [9 1 8 7 6 5 4 2 3]
 [4 5 3 2 9 8 6 1 7]
 [5 4 9 8 2 1 7 3 6]
 [8 2 1 6 3 7 4 5 9]
 [7 3 6 4 5 9 2 1 8]
 [2 6 5 1 8 3 9 7 4]
 [1 8 4 9 7 2 3 6 5]
 [3 9 7 5 4 6 8 2 1]]
Fitness: 20.0

Generation 167
Best ind: 
[[6 7 2 3 1 4 5 8 9]
 [9 1 8 7 6 5 4 2 3]
 [4 5 3 2 9 8 6 1 7]
 [5 4 9 8 2 1 7 3 6]
 [8 2 1 6 3 7 4 5 9]
 [7 3 6 4 5 9 2 1 8]
 [2 6 5 1 8 3 9 7 4]
 [1 8 4 9 7 2 3 6 5]
 [3 9 7 5 4 6 8 2 1]]
Fitness: 20.0

Generation 168
Best ind: 
[[6 7 2 3 1 4 5 8 9]
 [9 1 8 7 6 5 4 2 3]
 [4 5 3 2 9 8 6 1 7]
 [5 4 9 8 2 1 7 3 6]
 [8 2 1 6 3 7 4 5 9]
 [7 3 6 4 5 9 2 1 8]
 [2 6 5 1 8 3 9 7 4]
 [1 8 4 9 7 2 3 6 5]
 [3 9 7 5 4 6 8 2 1]]
Fitness: 20.0

Generation 169
Best ind: 
[[6 7 2 3 1 4 5 8 9]
 [9 1 8 7 6 5 4 2 3]
 [4 5 3 2 9 8 6 1 7]
 [5 4 9 8 2 1 7 3 6]
 [8 2 1 6 3 7 4 5 9]
 [7 3 6 4 5 9 2 1 8]
 [2 6 5 1 8 3 9 7 4]
 [1 8 4 9 7 2 3 6 5]
 [3 9 7 5 4 6 8 2 1]]
Fitness: 20.0

Generation 170
Best ind: 
[[6 7 2 3 1 4 5 8 9]
 [9 1 8 7 6 5 4 2 3]
 [4 5 3 2 9 8 6 1 7]
 [5 4 9 8 2 1 7 3 6]
 [8 2 1 6 3 7 4 5 9]
 [7 3 6 4 5 9 2 1 8]
 [2 6 5 1 8 3 9 7 4]
 [1 8 4 9 7 2 3 6 5]
 [3 9 7 5 4 6 8 2 1]]
Fitness: 20.0

Generation 171
Best ind: 
[[6 7 2 3 1 4 5 8 9]
 [9 1 8 7 6 5 4 2 3]
 [4 5 3 2 9 8 6 1 7]
 [5 4 9 8 2 1 7 3 6]
 [8 2 1 6 3 7 4 5 9]
 [7 3 6 4 5 9 2 1 8]
 [2 6 5 1 8 3 9 7 4]
 [1 8 4 9 7 2 3 6 5]
 [3 9 7 5 4 6 8 2 1]]
Fitness: 20.0

Generation 172
Best ind: 
[[6 7 2 3 1 4 5 8 9]
 [9 1 8 7 6 5 4 2 3]
 [4 5 3 2 9 8 6 1 7]
 [5 4 9 8 2 1 7 3 6]
 [8 2 1 6 3 7 4 5 9]
 [7 3 6 4 5 9 2 1 8]
 [2 6 5 1 8 3 9 7 4]
 [1 8 4 9 7 2 3 6 5]
 [3 9 7 5 4 6 8 2 1]]
Fitness: 20.0

Generation 173
Best ind: 
[[6 7 2 3 1 4 5 8 9]
 [9 1 8 7 6 5 4 2 3]
 [4 5 3 2 9 8 6 1 7]
 [5 4 9 8 2 1 7 3 6]
 [8 2 1 6 3 7 4 5 9]
 [7 3 6 4 5 9 2 1 8]
 [2 6 5 1 8 3 9 7 4]
 [1 8 4 9 7 2 3 6 5]
 [3 9 7 5 4 6 8 2 1]]
Fitness: 20.0

Generation 174
Best ind: 
[[6 7 2 3 1 4 5 8 9]
 [9 1 8 7 6 5 4 2 3]
 [4 5 3 2 9 8 6 1 7]
 [5 4 9 8 2 1 7 3 6]
 [8 2 1 6 3 7 4 5 9]
 [7 3 6 4 5 9 2 1 8]
 [2 6 5 1 8 3 9 7 4]
 [1 8 4 9 7 2 3 6 5]
 [3 9 7 5 4 6 8 2 1]]
Fitness: 20.0

Generation 175
Best ind: 
[[6 7 2 3 1 4 5 8 9]
 [9 1 8 7 6 5 4 2 3]
 [4 5 3 2 9 8 6 1 7]
 [5 4 9 8 2 1 7 3 6]
 [8 2 1 6 3 7 4 5 9]
 [7 3 6 4 5 9 2 1 8]
 [2 6 5 1 8 3 9 7 4]
 [1 8 4 9 7 2 3 6 5]
 [3 9 7 5 4 6 8 2 1]]
Fitness: 20.0

Generation 176
Best ind: 
[[6 7 2 3 1 4 5 8 9]
 [9 1 8 7 6 5 4 2 3]
 [4 5 3 2 9 8 6 1 7]
 [5 4 9 8 2 1 7 3 6]
 [8 2 1 6 3 7 4 5 9]
 [7 3 6 4 5 9 2 1 8]
 [2 6 5 1 8 3 9 7 4]
 [1 8 4 9 7 2 3 6 5]
 [3 9 7 5 4 6 8 2 1]]
Fitness: 20.0

Generation 177
Best ind: 
[[6 7 2 3 1 4 5 8 9]
 [9 1 8 7 6 5 4 2 3]
 [4 5 3 2 9 8 6 1 7]
 [5 4 9 8 2 1 7 3 6]
 [8 2 1 6 3 7 4 5 9]
 [7 3 6 4 5 9 2 1 8]
 [2 6 5 1 8 3 9 7 4]
 [1 8 4 9 7 2 3 6 5]
 [3 9 7 5 4 6 8 2 1]]
Fitness: 20.0

Generation 178
Best ind: 
[[6 7 2 3 1 4 5 8 9]
 [9 1 8 7 6 5 4 2 3]
 [4 5 3 2 9 8 6 1 7]
 [5 4 9 8 2 1 7 3 6]
 [8 2 1 6 3 7 4 5 9]
 [7 3 6 4 5 9 2 1 8]
 [2 6 5 1 8 3 9 7 4]
 [1 8 4 9 7 2 3 6 5]
 [3 9 7 5 4 6 8 2 1]]
Fitness: 20.0

Generation 179
Best ind: 
[[6 7 2 3 1 4 5 8 9]
 [9 1 8 7 6 5 4 2 3]
 [4 5 3 2 9 8 6 1 7]
 [5 4 9 8 2 1 7 3 6]
 [8 2 1 6 3 7 4 5 9]
 [7 3 6 4 5 9 2 1 8]
 [2 6 5 1 8 3 9 7 4]
 [1 8 4 9 7 2 3 6 5]
 [3 9 7 5 4 6 8 2 1]]
Fitness: 20.0

Generation 180
Best ind: 
[[6 7 2 3 1 4 5 8 9]
 [9 1 8 7 6 5 4 2 3]
 [4 5 3 2 9 8 6 1 7]
 [5 4 9 8 2 1 7 3 6]
 [8 2 1 6 3 7 4 5 9]
 [7 3 6 4 5 9 2 1 8]
 [2 6 5 1 8 3 9 7 4]
 [1 8 4 9 7 2 3 6 5]
 [3 9 7 5 4 6 8 2 1]]
Fitness: 20.0

Generation 181
Best ind: 
[[6 7 2 3 1 4 5 8 9]
 [9 1 8 7 6 5 4 2 3]
 [4 5 3 2 9 8 6 1 7]
 [5 4 9 8 2 1 7 3 6]
 [8 2 1 6 3 7 4 5 9]
 [7 3 6 4 5 9 2 1 8]
 [2 6 5 1 8 3 9 7 4]
 [1 8 4 9 7 2 3 6 5]
 [3 9 7 5 4 6 8 2 1]]
Fitness: 20.0

Generation 182
Best ind: 
[[6 7 2 3 1 4 5 8 9]
 [9 1 8 7 6 5 4 2 3]
 [4 5 3 2 9 8 6 1 7]
 [5 4 9 8 2 1 7 3 6]
 [8 2 1 6 3 7 4 5 9]
 [7 3 6 4 5 9 2 1 8]
 [2 6 5 1 8 3 9 7 4]
 [1 8 4 9 7 2 3 6 5]
 [3 9 7 5 4 6 8 2 1]]
Fitness: 20.0

Generation 183
Best ind: 
[[6 7 2 3 1 4 5 8 9]
 [9 1 8 7 6 5 4 2 3]
 [4 5 3 2 9 8 6 1 7]
 [5 4 9 8 2 1 7 3 6]
 [8 2 1 6 3 7 4 5 9]
 [7 3 6 4 5 9 2 1 8]
 [2 6 5 1 8 3 9 7 4]
 [1 8 4 9 7 2 3 6 5]
 [3 9 7 5 4 6 8 2 1]]
Fitness: 20.0

Generation 184
Best ind: 
[[6 7 2 3 1 4 5 8 9]
 [9 1 8 7 6 5 4 2 3]
 [4 5 3 2 9 8 6 1 7]
 [5 4 9 8 2 1 7 3 6]
 [8 2 1 6 3 7 4 5 9]
 [7 3 6 4 5 9 2 1 8]
 [2 6 5 1 8 3 9 7 4]
 [1 8 4 9 7 2 3 6 5]
 [3 9 7 5 4 6 8 2 1]]
Fitness: 20.0

Generation 185
Best ind: 
[[6 7 2 3 1 4 5 8 9]
 [9 1 8 7 6 5 4 2 3]
 [4 5 3 2 9 8 6 1 7]
 [5 4 9 8 2 1 7 3 6]
 [8 2 1 6 3 7 4 5 9]
 [7 3 6 4 5 9 2 1 8]
 [2 6 5 1 8 3 9 7 4]
 [1 8 4 9 7 2 3 6 5]
 [3 9 7 5 4 6 8 2 1]]
Fitness: 20.0

Generation 186
Best ind: 
[[6 7 2 3 1 4 5 8 9]
 [9 1 8 7 6 5 4 2 3]
 [4 5 3 2 9 8 6 1 7]
 [5 4 9 8 2 1 7 3 6]
 [8 2 1 6 3 7 4 5 9]
 [7 3 6 4 5 9 2 1 8]
 [2 6 5 1 8 3 9 7 4]
 [1 8 4 9 7 2 3 6 5]
 [3 9 7 5 4 6 8 2 1]]
Fitness: 20.0

Generation 187
Best ind: 
[[6 7 2 3 1 4 5 8 9]
 [9 1 8 7 6 5 4 2 3]
 [4 5 3 2 9 8 6 1 7]
 [5 4 9 8 2 1 7 3 6]
 [8 2 1 6 3 7 4 5 9]
 [7 3 6 4 5 9 2 1 8]
 [2 6 5 1 8 3 9 7 4]
 [1 8 4 9 7 2 3 6 5]
 [3 9 7 5 4 6 8 2 1]]
Fitness: 20.0

Generation 188
Best ind: 
[[6 7 2 3 1 4 5 8 9]
 [9 1 8 7 6 5 4 2 3]
 [4 5 3 2 9 8 6 1 7]
 [5 4 9 8 2 1 7 3 6]
 [8 2 1 6 3 7 4 5 9]
 [7 3 6 4 5 9 2 1 8]
 [2 6 5 1 8 3 9 7 4]
 [1 8 4 9 7 2 3 6 5]
 [3 9 7 5 4 6 8 2 1]]
Fitness: 20.0

Generation 189
Best ind: 
[[6 7 2 3 1 4 5 8 9]
 [9 1 8 7 6 5 4 2 3]
 [4 5 3 2 9 8 6 1 7]
 [5 4 9 8 2 1 7 3 6]
 [8 2 1 6 3 7 4 5 9]
 [7 3 6 4 5 9 2 1 8]
 [2 6 5 1 8 3 9 7 4]
 [1 8 4 9 7 2 3 6 5]
 [3 9 7 5 4 6 8 2 1]]
Fitness: 20.0

Generation 190
Best ind: 
[[6 7 2 3 1 4 5 8 9]
 [9 1 8 7 6 5 4 2 3]
 [4 5 3 2 9 8 6 1 7]
 [5 4 9 8 2 1 7 3 6]
 [8 2 1 6 3 7 4 5 9]
 [7 3 6 4 5 9 2 1 8]
 [2 6 5 1 8 3 9 7 4]
 [1 8 4 9 7 2 3 6 5]
 [3 9 7 5 4 6 8 2 1]]
Fitness: 20.0

Generation 191
Best ind: 
[[6 7 2 3 1 4 5 8 9]
 [9 1 8 7 6 5 4 2 3]
 [4 5 3 2 9 8 6 1 7]
 [5 4 9 8 2 1 7 3 6]
 [8 2 1 6 3 7 4 5 9]
 [7 3 6 4 5 9 2 1 8]
 [2 6 5 1 8 3 9 7 4]
 [1 8 4 9 7 2 3 6 5]
 [3 9 7 5 4 6 8 2 1]]
Fitness: 20.0

Generation 192
Best ind: 
[[6 7 2 3 1 4 5 8 9]
 [9 1 8 7 6 5 4 2 3]
 [4 5 3 2 9 8 6 1 7]
 [5 4 9 8 2 1 7 3 6]
 [8 2 1 6 3 7 4 5 9]
 [7 3 6 4 5 9 2 1 8]
 [2 6 5 1 8 3 9 7 4]
 [1 8 4 9 7 2 3 6 5]
 [3 9 7 5 4 6 8 2 1]]
Fitness: 20.0

Generation 193
Best ind: 
[[6 7 2 3 1 4 5 8 9]
 [9 1 8 7 6 5 4 2 3]
 [4 5 3 2 9 8 6 1 7]
 [5 4 9 8 2 1 7 3 6]
 [8 2 1 6 3 7 4 5 9]
 [7 3 6 4 5 9 2 1 8]
 [2 6 5 1 8 3 9 7 4]
 [1 8 4 9 7 2 3 6 5]
 [3 9 7 5 4 6 8 2 1]]
Fitness: 20.0

Generation 194
Best ind: 
[[6 7 2 3 1 4 5 8 9]
 [9 1 8 7 6 5 4 2 3]
 [4 5 3 2 9 8 6 1 7]
 [5 4 9 8 2 1 7 3 6]
 [8 2 1 6 3 7 4 5 9]
 [7 3 6 4 5 9 2 1 8]
 [2 6 5 1 8 3 9 7 4]
 [1 8 4 9 7 2 3 6 5]
 [3 9 7 5 4 6 8 2 1]]
Fitness: 20.0

Generation 195
Best ind: 
[[6 7 2 3 1 4 5 8 9]
 [9 1 8 7 6 5 4 2 3]
 [4 5 3 2 9 8 6 1 7]
 [5 4 9 8 2 1 7 3 6]
 [8 2 1 6 3 7 4 5 9]
 [7 3 6 4 5 9 2 1 8]
 [2 6 5 1 8 3 9 7 4]
 [1 8 4 9 7 2 3 6 5]
 [3 9 7 5 4 6 8 2 1]]
Fitness: 20.0

Generation 196
Best ind: 
[[6 7 2 3 1 4 5 8 9]
 [9 1 8 7 6 5 4 2 3]
 [4 5 3 2 9 8 6 1 7]
 [5 4 9 8 2 1 7 3 6]
 [8 2 1 6 3 7 4 5 9]
 [7 3 6 4 5 9 2 1 8]
 [2 6 5 1 8 3 9 7 4]
 [1 8 4 9 7 2 3 6 5]
 [3 9 7 5 4 6 8 2 1]]
Fitness: 20.0

Generation 197
Best ind: 
[[6 7 2 3 1 4 5 8 9]
 [9 1 8 7 6 5 4 2 3]
 [4 5 3 2 9 8 6 1 7]
 [5 4 9 8 2 1 7 3 6]
 [8 2 1 6 3 7 4 5 9]
 [7 3 6 4 5 9 2 1 8]
 [2 6 5 1 8 3 9 7 4]
 [1 8 4 9 7 2 3 6 5]
 [3 9 7 5 4 6 8 2 1]]
Fitness: 20.0

Generation 198
Best ind: 
[[6 7 2 3 1 4 5 8 9]
 [9 1 8 7 6 5 4 2 3]
 [4 5 3 2 9 8 6 1 7]
 [5 4 9 8 2 1 7 3 6]
 [8 2 1 6 3 7 4 5 9]
 [7 3 6 4 5 9 2 1 8]
 [2 6 5 1 8 3 9 7 4]
 [1 8 4 9 7 2 3 6 5]
 [3 9 7 5 4 6 8 2 1]]
Fitness: 20.0

Generation 199
Best ind: 
[[6 7 2 3 1 4 5 8 9]
 [9 1 8 7 6 5 4 2 3]
 [4 5 3 2 9 8 6 1 7]
 [5 4 9 8 2 1 7 3 6]
 [8 2 1 6 3 7 4 5 9]
 [7 3 6 4 5 9 2 1 8]
 [2 6 5 1 8 3 9 7 4]
 [1 8 4 9 7 2 3 6 5]
 [3 9 7 5 4 6 8 2 1]]
Fitness: 20.0

Generation 200
Best ind: 
[[6 7 2 3 1 4 5 8 9]
 [9 1 8 7 6 5 4 2 3]
 [4 5 3 2 9 8 1 6 7]
 [5 4 9 8 2 1 7 3 6]
 [8 2 1 6 3 7 4 5 9]
 [7 3 6 4 5 9 2 1 8]
 [2 6 5 1 8 3 9 7 4]
 [1 8 4 9 7 2 3 6 5]
 [3 9 7 5 4 6 8 2 1]]
Fitness: 20.0
