
Generation 0
Best ind: 
[[8 6 2 9 3 4 5 7 1]
 [9 1 3 7 6 5 8 2 4]
 [4 1 5 2 9 3 8 6 7]
 [5 4 9 1 8 6 7 3 2]
 [8 2 1 6 3 7 4 5 9]
 [7 3 6 5 4 9 2 1 8]
 [2 9 1 7 8 5 6 3 4]
 [1 8 5 9 3 2 4 6 7]
 [4 3 7 5 1 6 8 9 2]]
Fitness: 2.941176470588235

Generation 1
Best ind: 
[[7 9 2 8 1 6 5 4 3]
 [3 1 8 7 4 5 9 2 6]
 [4 6 3 2 9 8 1 5 7]
 [5 4 9 2 6 1 7 3 8]
 [8 2 1 5 3 6 4 7 9]
 [9 3 6 4 7 8 2 1 5]
 [2 3 6 1 8 7 5 9 4]
 [7 8 4 9 5 2 3 6 1]
 [1 5 7 6 3 4 8 2 9]]
Fitness: 5.263157894736842

Generation 2
Best ind: 
[[1 7 2 8 3 6 5 9 4]
 [9 1 3 7 4 5 6 2 8]
 [4 5 8 2 9 6 3 1 7]
 [5 4 9 1 6 8 7 3 2]
 [8 2 1 5 3 7 4 6 9]
 [7 3 6 4 5 9 2 1 8]
 [2 6 5 3 8 1 9 7 4]
 [7 8 4 9 5 2 1 6 3]
 [3 9 7 6 1 4 8 2 5]]
Fitness: 6.25

Generation 3
Best ind: 
[[7 6 2 3 4 1 5 9 8]
 [9 1 8 7 6 5 4 2 3]
 [4 5 3 8 9 2 1 6 7]
 [5 4 9 2 1 8 7 3 6]
 [8 7 1 6 3 2 4 5 9]
 [9 3 6 5 4 7 2 1 8]
 [2 9 5 1 8 3 6 7 4]
 [1 8 4 9 7 2 3 6 5]
 [3 2 7 4 5 6 8 9 1]]
Fitness: 7.6923076923076925

Generation 4
Best ind: 
[[7 9 2 1 6 8 5 4 3]
 [3 1 9 7 4 5 6 2 8]
 [4 6 5 2 9 3 1 8 7]
 [5 4 9 8 1 2 7 3 6]
 [8 2 1 6 3 7 4 5 9]
 [7 3 6 5 4 9 2 1 8]
 [2 5 3 1 8 6 9 7 4]
 [1 8 4 9 7 2 3 6 5]
 [9 6 7 3 5 4 8 2 1]]
Fitness: 9.090909090909092

Generation 5
Best ind: 
[[7 9 2 1 6 8 5 4 3]
 [3 1 9 7 4 5 6 2 8]
 [4 6 5 2 9 3 1 8 7]
 [5 4 9 8 1 2 7 3 6]
 [8 2 1 6 3 7 4 5 9]
 [7 3 6 5 4 9 2 1 8]
 [2 5 3 1 8 6 9 7 4]
 [1 8 4 9 7 2 3 6 5]
 [9 6 7 3 5 4 8 2 1]]
Fitness: 9.090909090909092

Generation 6
Best ind: 
[[6 7 2 3 4 1 5 8 9]
 [9 1 8 7 6 5 4 2 3]
 [4 5 3 8 9 2 1 6 7]
 [5 4 9 2 1 8 7 3 6]
 [8 2 1 6 3 7 4 5 9]
 [7 3 6 4 5 9 2 1 8]
 [2 9 5 1 8 3 6 7 4]
 [1 8 4 9 7 2 3 6 5]
 [3 6 7 2 5 4 8 9 1]]
Fitness: 11.11111111111111

Generation 7
Best ind: 
[[9 7 2 4 1 8 5 6 3]
 [3 1 9 7 6 5 4 2 8]
 [4 6 5 2 9 3 1 8 7]
 [5 4 9 8 2 1 7 3 6]
 [8 2 1 6 3 7 4 5 9]
 [7 3 6 5 4 9 2 1 8]
 [2 5 3 1 8 6 9 7 4]
 [1 8 4 9 7 2 3 6 5]
 [6 9 7 3 5 4 8 2 1]]
Fitness: 12.5

Generation 8
Best ind: 
[[6 7 2 3 4 1 5 8 9]
 [9 1 8 7 6 5 4 2 3]
 [4 5 3 8 9 2 1 6 7]
 [5 4 9 2 1 8 7 3 6]
 [8 2 1 6 3 7 4 5 9]
 [7 3 6 4 5 9 2 1 8]
 [2 9 5 1 8 3 6 7 4]
 [1 8 4 9 7 2 3 6 5]
 [3 6 7 5 2 4 8 9 1]]
Fitness: 14.285714285714285

Generation 9
Best ind: 
[[7 9 2 1 6 8 5 4 3]
 [3 1 8 7 4 5 6 2 9]
 [4 6 5 2 9 3 1 8 7]
 [5 4 9 8 2 1 7 3 6]
 [8 2 1 6 3 7 4 5 9]
 [7 3 6 5 4 9 2 1 8]
 [2 5 3 1 8 6 9 7 4]
 [1 8 4 9 7 2 3 6 5]
 [9 6 7 3 5 4 8 2 1]]
Fitness: 14.285714285714285

Generation 10
Best ind: 
[[9 7 2 1 6 8 5 4 3]
 [3 1 8 7 4 5 6 2 9]
 [4 6 5 2 9 3 1 8 7]
 [5 4 9 8 1 2 7 3 6]
 [8 2 1 6 3 7 4 5 9]
 [7 3 6 5 4 9 2 1 8]
 [2 5 3 1 8 6 9 7 4]
 [1 8 4 9 7 2 3 6 5]
 [6 9 7 3 5 4 8 2 1]]
Fitness: 16.666666666666664

Generation 11
Best ind: 
[[9 7 2 1 6 8 5 4 3]
 [3 1 8 7 4 5 6 2 9]
 [4 6 5 2 9 3 1 8 7]
 [5 4 9 8 1 2 7 3 6]
 [8 2 1 6 3 7 4 5 9]
 [7 3 6 5 4 9 2 1 8]
 [2 5 3 1 8 6 9 7 4]
 [1 8 4 9 7 2 3 6 5]
 [6 9 7 3 5 4 8 2 1]]
Fitness: 16.666666666666664

Generation 12
Best ind: 
[[9 7 2 1 6 8 5 4 3]
 [3 1 8 7 4 5 6 2 9]
 [4 6 5 2 9 3 1 8 7]
 [5 4 9 8 1 2 7 3 6]
 [8 2 1 6 3 7 4 5 9]
 [7 3 6 5 4 9 2 1 8]
 [2 5 3 1 8 6 9 7 4]
 [1 8 4 9 7 2 3 6 5]
 [6 9 7 3 5 4 8 2 1]]
Fitness: 16.666666666666664

Generation 13
Best ind: 
[[9 7 2 1 6 8 5 4 3]
 [3 1 8 7 4 5 6 2 9]
 [4 6 5 2 9 3 1 8 7]
 [5 4 9 8 1 2 7 3 6]
 [8 2 1 6 3 7 4 5 9]
 [7 3 6 5 4 9 2 1 8]
 [2 5 3 1 8 6 9 7 4]
 [1 8 4 9 7 2 3 6 5]
 [6 9 7 3 5 4 8 2 1]]
Fitness: 16.666666666666664

Generation 14
Best ind: 
[[9 7 2 1 6 8 5 4 3]
 [3 1 8 7 4 5 6 2 9]
 [4 6 5 2 9 3 1 8 7]
 [5 4 9 8 2 1 7 3 6]
 [8 2 1 6 3 7 4 5 9]
 [7 3 6 5 4 9 2 1 8]
 [2 5 3 1 8 6 9 7 4]
 [1 8 4 9 7 2 3 6 5]
 [6 9 7 3 5 4 8 2 1]]
Fitness: 20.0

Generation 15
Best ind: 
[[9 7 2 1 6 8 5 4 3]
 [3 1 8 7 4 5 6 2 9]
 [4 6 5 2 9 3 1 8 7]
 [5 4 9 8 2 1 7 3 6]
 [8 2 1 6 3 7 4 5 9]
 [7 3 6 5 4 9 2 1 8]
 [2 5 3 1 8 6 9 7 4]
 [1 8 4 9 7 2 3 6 5]
 [6 9 7 3 5 4 8 2 1]]
Fitness: 20.0

Generation 16
Best ind: 
[[9 7 2 1 6 8 5 4 3]
 [3 1 8 7 4 5 6 2 9]
 [4 6 5 2 9 3 1 8 7]
 [5 4 9 8 2 1 7 3 6]
 [8 2 1 6 3 7 4 5 9]
 [7 3 6 5 4 9 2 1 8]
 [2 5 3 1 8 6 9 7 4]
 [1 8 4 9 7 2 3 6 5]
 [6 9 7 3 5 4 8 2 1]]
Fitness: 20.0

Generation 17
Best ind: 
[[9 7 2 1 6 8 5 4 3]
 [3 1 8 7 4 5 6 2 9]
 [4 6 5 2 9 3 1 8 7]
 [5 4 9 8 2 1 7 3 6]
 [8 2 1 6 3 7 4 5 9]
 [7 3 6 5 4 9 2 1 8]
 [2 5 3 1 8 6 9 7 4]
 [1 8 4 9 7 2 3 6 5]
 [6 9 7 3 5 4 8 2 1]]
Fitness: 20.0

Generation 18
Best ind: 
[[9 7 2 1 6 8 5 4 3]
 [3 1 8 7 4 5 6 2 9]
 [4 6 5 2 9 3 1 8 7]
 [5 4 9 8 2 1 7 3 6]
 [8 2 1 6 3 7 4 5 9]
 [7 3 6 5 4 9 2 1 8]
 [2 5 3 1 8 6 9 7 4]
 [1 8 4 9 7 2 3 6 5]
 [6 9 7 3 5 4 8 2 1]]
Fitness: 20.0

Generation 19
Best ind: 
[[9 7 2 1 6 8 5 4 3]
 [3 1 8 7 4 5 6 2 9]
 [4 6 5 2 9 3 1 8 7]
 [5 4 9 8 2 1 7 3 6]
 [8 2 1 6 3 7 4 5 9]
 [7 3 6 5 4 9 2 1 8]
 [2 5 3 1 8 6 9 7 4]
 [1 8 4 9 7 2 3 6 5]
 [6 9 7 3 5 4 8 2 1]]
Fitness: 20.0

Generation 20
Best ind: 
[[9 7 2 1 6 8 5 4 3]
 [3 1 8 7 4 5 6 2 9]
 [4 6 5 2 9 3 1 8 7]
 [5 4 9 8 2 1 7 3 6]
 [8 2 1 6 3 7 4 5 9]
 [7 3 6 5 4 9 2 1 8]
 [2 5 3 1 8 6 9 7 4]
 [1 8 4 9 7 2 3 6 5]
 [6 9 7 3 5 4 8 2 1]]
Fitness: 20.0

Generation 21
Best ind: 
[[9 7 2 1 6 8 5 4 3]
 [3 1 8 7 4 5 6 2 9]
 [4 6 5 2 9 3 1 8 7]
 [5 4 9 8 2 1 7 3 6]
 [8 2 1 6 3 7 4 5 9]
 [7 3 6 5 4 9 2 1 8]
 [2 5 3 1 8 6 9 7 4]
 [1 8 4 9 7 2 3 6 5]
 [6 9 7 3 5 4 8 2 1]]
Fitness: 20.0

Generation 22
Best ind: 
[[9 7 2 1 6 8 5 4 3]
 [3 1 8 7 4 5 6 2 9]
 [4 6 5 2 9 3 1 8 7]
 [5 4 9 8 2 1 7 3 6]
 [8 2 1 6 3 7 4 5 9]
 [7 3 6 5 4 9 2 1 8]
 [2 5 3 1 8 6 9 7 4]
 [1 8 4 9 7 2 3 6 5]
 [6 9 7 3 5 4 8 2 1]]
Fitness: 20.0

Generation 23
Best ind: 
[[9 7 2 1 6 8 5 4 3]
 [3 1 8 7 4 5 6 2 9]
 [4 6 5 2 9 3 1 8 7]
 [5 4 9 8 2 1 7 3 6]
 [8 2 1 6 3 7 4 5 9]
 [7 3 6 4 5 9 2 1 8]
 [2 5 3 1 8 6 9 7 4]
 [1 8 4 9 7 2 3 6 5]
 [6 9 7 3 5 4 8 2 1]]
Fitness: 20.0

Generation 24
Best ind: 
[[9 7 2 1 6 8 5 4 3]
 [3 1 8 7 4 5 6 2 9]
 [4 6 5 2 9 3 1 8 7]
 [5 4 9 8 2 1 7 3 6]
 [8 2 1 6 3 7 4 5 9]
 [7 3 6 5 4 9 2 1 8]
 [2 5 3 1 8 6 9 7 4]
 [1 8 4 9 7 2 3 6 5]
 [6 9 7 3 5 4 8 2 1]]
Fitness: 20.0

Generation 25
Best ind: 
[[9 7 2 1 6 8 5 4 3]
 [3 1 8 7 4 5 6 2 9]
 [4 6 5 2 9 3 1 8 7]
 [5 4 9 8 2 1 7 3 6]
 [8 2 1 6 3 7 4 5 9]
 [7 3 6 5 4 9 2 1 8]
 [2 5 3 1 8 6 9 7 4]
 [1 8 4 9 7 2 3 6 5]
 [6 9 7 3 5 4 8 2 1]]
Fitness: 20.0
