Number of solutions = 92

[[ 1  2  3  4  5  6  7  8  9 10 11 12 13 14 15 16]
 [ 6 16  9  8 13 12 15 11  1  4  5 14  7 10  3  2]
 [11  5 15 10  9  2  4 14  7 13  3 16 12  6  8  1]
 [14 13 12  7 16  1 10  3  8  6  2 15  9  5 11  4]
 [ 5 14  8  3 10  7  9 12 15  1  4 11  2 13 16  6]
 [ 2 11  1  9 15 16  8  6 14 12 13  3  4  7 10  5]
 [12  4 10  6 11 13 14  2 16  8  7  5 15  3  1  9]
 [15  7 16 13  1  5  3  4  2  9  6 10  8 11 12 14]
 [13 12 11  1  4 14 16  9 10  5  8  7  6 15  2  3]
 [16  9  7  2  8  3 13  5  6 11 15  1 14 12  4 10]
 [ 8 10  4  5  6 11  2 15 12  3 14 13  1 16  9  7]
 [ 3  6 14 15 12 10  1  7  4  2 16  9  5  8 13 11]
 [10  3  2 14  7  8  6  1 11 15 12  4 16  9  5 13]
 [ 9  1  6 16  2 15  5 13  3  7 10  8 11  4 14 12]
 [ 7  8  5 11 14  4 12 10 13 16  9  2  3  1  6 15]
 [ 4 15 13 12  3  9 11 16  5 14  1  6 10  2  7  8]]

[[ 1  2  3  4  5  6  7  8  9 10 11 12 13 14 15 16]
 [ 6 16  9  8 13 12 15 11  1  4  5 14  7 10  3  2]
 [11  5 15 10  9  2  4 14  7 13  3 16 12  6  8  1]
 [14 13 12  7 16  1 10  3  8  6  2 15  9  5 11  4]
 [ 5 14  8  3 10  7  9 12 15  1  4 11  2 13 16  6]
 [ 2 11 10  9 15 16  8  6 14 12 13  3  4  7  1  5]
 [12  4  1  6 11 13 14  2 16  8  7  5 15  3 10  9]
 [15  7 16 13  1  5  3  4  2  9  6 10  8 11 12 14]
 [13 12 11  1  4 14 16  9 10  5  8  7  6 15  2  3]
 [16  9  7  2  8  3 13  5  6 11 15  1 14 12  4 10]
 [ 8 10  4  5  6 11  2 15 12  3 14 13  1 16  9  7]
 [ 3  6 14 15 12 10  1  7  4  2 16  9  5  8 13 11]
 [10  3  2 14  7  8  6  1 11 15 12  4 16  9  5 13]
 [ 9  1  6 16  2 15  5 13  3  7 10  8 11  4 14 12]
 [ 7  8  5 11 14  4 12 10 13 16  9  2  3  1  6 15]
 [ 4 15 13 12  3  9 11 16  5 14  1  6 10  2  7  8]]

[[ 1  2  3  4  5  6  7  8  9 10 11 12 13 14 15 16]
 [ 6 16  9  8 13 12 15 11  1  4  5 14  7 10  3  2]
 [11  5 15 10  9  2  4 14  7 13  3 16 12  6  8  1]
 [14 13 12  7 16  1 10  3  8  6  2 15  9  5 11  4]
 [ 5 14  8  3 10  7  9 12 15 11  4  1  2 13 16  6]
 [ 2 11  1  9 15 16  8  6 14 12 13  3  4  7 10  5]
 [12  4 10  6 11 13 14  2 16  8  7  5  3 15  1  9]
 [15  7 16 13  1  5  3  4  2  9  6 10  8 11 12 14]
 [13 12 11  1  4 14 16  9 10  5  8  7  6  3  2 15]
 [16  9  7  2  8  3 13  5  6  1 15 11 14 12  4 10]
 [ 8 10  4  5  6 11  2 15 12  3 14 13  1 16  9  7]
 [ 3  6 14 15 12 10  1  7  4  2 16  9  5  8 13 11]
 [10  3  2 14  7  8  6  1 11 15 12  4 16  9  5 13]
 [ 9  1  6 16  2 15  5 13  3  7 10  8 11  4 14 12]
 [ 7  8  5 11 14  4 12 10 13 16  9  2 15  1  6  3]
 [ 4 15 13 12  3  9 11 16  5 14  1  6 10  2  7  8]]

[[ 1  2  3  4  5  6  7  8  9 10 11 12 13 14 15 16]
 [ 6 16  9  8 13 12 15 11  5  4  1 14  7 10  3  2]
 [11  5 15 10  9  2  4 14  7 13  3 16 12  6  8  1]
 [14 13 12  7 16  1 10  3  8  6  2 15  9  5 11  4]
 [ 5 14  8  3 10  7  9 12 15  1  4 11  2 13 16  6]
 [ 2 11  1  9 15 16  8  6 14 12 13  3  4  7 10  5]
 [12  4 10  6 11 13 14  2 16  8  7  5 15  3  1  9]
 [15  7 16 13  1  5  3  4  2  9  6 10  8 11 12 14]
 [13 12 11  1  4 14 16  9 10  5  8  7  6 15  2  3]
 [16  9  7  2  8  3 13  5  6 11 15  1 14 12  4 10]
 [ 8 10  4  5  6 11  2 15 12  3 14 13  1 16  9  7]
 [ 3  6 14 15 12 10  1  7  4  2 16  9  5  8 13 11]
 [10  3  2 14  7  8  6  1 11 15 12  4 16  9  5 13]
 [ 9  1  6 16  2 15  5 13  3  7 10  8 11  4 14 12]
 [ 7  8  5 11 14  4 12 10 13 16  9  2  3  1  6 15]
 [ 4 15 13 12  3  9 11 16  1 14  5  6 10  2  7  8]]

[[ 1  2  3  4  5  6  7  8  9 10 11 12 13 14 15 16]
 [ 6 16  9  8 13 12 15 11  1  4  5 14  7 10  3  2]
 [11  5 15 10  9  2  4 14  7 13  3 16 12  6  8  1]
 [14 13 12  7 16  1 10  3  8  6  2 15  9  5 11  4]
 [ 5  3  8 14 10  7  9 12 15  1  4 11  2 13 16  6]
 [ 2 11  1  9 15 16  8  6 14 12 13  3  4  7 10  5]
 [12  4 10  6 11 13 14  2 16  8  7  5 15  3  1  9]
 [15  7 16 13  1  5  3  4  2  9  6 10  8 11 12 14]
 [13 12 11  1  4 14 16  9 10  5  8  7  6 15  2  3]
 [16  9  7  2  8  3 13  5  6 11 15  1 14 12  4 10]
 [ 8 10  4  5  6 11  2 15 12  3 14 13  1 16  9  7]
 [ 3  6 14 15 12 10  1  7  4  2 16  9  5  8 13 11]
 [10 14  2  3  7  8  6  1 11 15 12  4 16  9  5 13]
 [ 9  1  6 16  2 15  5 13  3  7 10  8 11  4 14 12]
 [ 7  8  5 11 14  4 12 10 13 16  9  2  3  1  6 15]
 [ 4 15 13 12  3  9 11 16  5 14  1  6 10  2  7  8]]

[[ 1  2  3  4  5  6  7  8  9 10 11 12 13 14 15 16]
 [ 6 16  9  8 13 12 15 11  5  4  1 14  7 10  3  2]
 [11  5 15 10  9  2  4 14  7 13  3 16 12  6  8  1]
 [14 13 12  7 16 10  1  3  8  6  2 15  9  5 11  4]
 [ 5 14  8  3 10  7  9 12 15  1  4 11  2 13 16  6]
 [ 2 11  1  9 15 16  8  6 14 12 13  3  4  7 10  5]
 [12  4 10  6 11 13 14  2 16  8  7  5 15  3  1  9]
 [15  7 16 13  1  5  3  4  2  9  6 10  8 11 12 14]
 [13 12 11  1  4 14 16  9 10  5  8  7  6 15  2  3]
 [16  9  7  2  8  3 13  5  6 11 15  1 14 12  4 10]
 [ 8 10  4  5  6 11  2 15 12  3 14 13  1 16  9  7]
 [ 3  6 14 15 12  1 10  7  4  2 16  9  5  8 13 11]
 [10  3  2 14  7  8  6  1 11 15 12  4 16  9  5 13]
 [ 9  1  6 16  2 15  5 13  3  7 10  8 11  4 14 12]
 [ 7  8  5 11 14  4 12 10 13 16  9  2  3  1  6 15]
 [ 4 15 13 12  3  9 11 16  1 14  5  6 10  2  7  8]]

[[ 1  2  3  4  5  6  7  8  9 10 11 12 13 14 15 16]
 [ 6 16  9  8 13 12 15 11  5  4  1 14  7 10  3  2]
 [11  5 15 10  9  2  4 14  7 13  3 16  8  6 12  1]
 [14 13 12  7  3  1 10 16  8  6  2 15  9  5 11  4]
 [ 5 14  8  3 10  7  9 12 15  1  4 11  2 13 16  6]
 [ 2 11  1  9 15 16  8  6 14 12 13  3  4  7 10  5]
 [12  4 10  6 11 13 14  2 16  8  7  5 15  3  1  9]
 [15  7 16 13  1  5  3  4  2  9  6 10 12 11  8 14]
 [13 12 11  1  4 14 16  9 10  5  8  7  6 15  2  3]
 [16  9  7  2  8  3 13  5  6 11 15  1 14 12  4 10]
 [ 8 10  4  5  6 11  2 15 12  3 14 13  1 16  9  7]
 [ 3  6 14 15 12 10  1  7  4  2 16  9  5  8 13 11]
 [10  3  2 14  7  8  6  1 11 15 12  4 16  9  5 13]
 [ 9  1  6 16  2 15  5 13  3  7 10  8 11  4 14 12]
 [ 7  8  5 11 14  4 12 10 13 16  9  2  3  1  6 15]
 [ 4 15 13 12 16  9 11  3  1 14  5  6 10  2  7  8]]

[[ 1  2  3  4  5  6  7  8  9 10 11 12 13 14 15 16]
 [ 6 16  9  8 13 12 15 11  5  4  1 14  7 10  3  2]
 [11  5 15 10  9  2  4 14  7 13  3 16 12  6  8  1]
 [14 13 12  7 16  1 10  3  8  6  2 15  9  5 11  4]
 [ 5  3  8 14 10  7  9 12 15  1  4 11  2 13 16  6]
 [ 2 11  1  9 15 16  8  6 14 12 13  3  4  7 10  5]
 [12  4 10  6 11 13 14  2 16  8  7  5 15  3  1  9]
 [15  7 16 13  1  5  3  4  2  9  6 10  8 11 12 14]
 [13 12 11  1  4 14 16  9 10  5  8  7  6 15  2  3]
 [16  9  7  2  8  3 13  5  6 11 15  1 14 12  4 10]
 [ 8 10  4  5  6 11  2 15 12  3 14 13  1 16  9  7]
 [ 3  6 14 15 12 10  1  7  4  2 16  9  5  8 13 11]
 [10 14  2  3  7  8  6  1 11 15 12  4 16  9  5 13]
 [ 9  1  6 16  2 15  5 13  3  7 10  8 11  4 14 12]
 [ 7  8  5 11 14  4 12 10 13 16  9  2  3  1  6 15]
 [ 4 15 13 12  3  9 11 16  1 14  5  6 10  2  7  8]]

[[ 1  2  3  4  5  6  7  8  9 10 11 12 13 14 15 16]
 [ 6 16  9  8 13 12 15 11  5  4  1 14  7 10  3  2]
 [11  5 15 10  9  2  4 14  7 13  3 16 12  6  8  1]
 [14 13 12  7 16  1 10  3  8  6  2 15  9  5 11  4]
 [ 5 14  8  3 10  7  9 12 15  1  4 11  2 13 16  6]
 [ 2 11  1  9 15 16  8  6 14 12 13  3  4  7 10  5]
 [12  4 10  6 11 13 14  2 16  8  7  5 15  3  1  9]
 [15  7 16 13  1  5  3  4  2  9  6 10  8 11 12 14]
 [13 12 11  1  4 14 16  9 10  5  8  7  6 15  2  3]
 [16  9  7  2  8  3  5 13  6 11 15  1 14 12  4 10]
 [ 8 10  4  5  6 11  2 15 12  3 14 13  1 16  9  7]
 [ 3  6 14 15 12 10  1  7  4  2 16  9  5  8 13 11]
 [10  3  2 14  7  8  6  1 11 15 12  4 16  9  5 13]
 [ 9  1  6 16  2 15 13  5  3  7 10  8 11  4 14 12]
 [ 7  8  5 11 14  4 12 10 13 16  9  2  3  1  6 15]
 [ 4 15 13 12  3  9 11 16  1 14  5  6 10  2  7  8]]

[[ 1  2  3  4  5  6  7  8  9 10 11 12 13 14 15 16]
 [ 6 16  9  8 13 12 15 11  5  4  1 14  7 10  3  2]
 [11  5 15 10  9  2  4 14  7 13  3 16  8  6 12  1]
 [14 13 12  7  3  1 10 16  8  6  2 15  9  5 11  4]
 [ 5 14  8  3 10  7  9 12 15 11  4  1  2 13 16  6]
 [ 2 11  1  9 15 16  8  6 14 12 13  3  4  7 10  5]
 [12  4 10  6 11 13 14  2 16  8  7  5 15  3  1  9]
 [15  7 16 13  1  5  3  4  2  9  6 10 12 11  8 14]
 [13 12 11  1  4 14 16  9 10  5  8  7  6 15  2  3]
 [16  9  7  2  8  3 13  5  6  1 15 11 14 12  4 10]
 [ 8 10  4  5  6 11  2 15 12  3 14 13  1 16  9  7]
 [ 3  6 14 15 12 10  1  7  4  2 16  9  5  8 13 11]
 [10  3  2 14  7  8  6  1 11 15 12  4 16  9  5 13]
 [ 9  1  6 16  2 15  5 13  3  7 10  8 11  4 14 12]
 [ 7  8  5 11 14  4 12 10 13 16  9  2  3  1  6 15]
 [ 4 15 13 12 16  9 11  3  1 14  5  6 10  2  7  8]]

[[ 1  2  3  4  5  6  7  8  9 10 11 12 13 14 15 16]
 [ 6 16  9  8 13 12 15 11  5  4  1 14  7 10  3  2]
 [11  5 15 10  9  2  4 14  7 13  3 16  8  6 12  1]
 [14 13 12  7  3  1 10 16  8  6  2 15  9  5 11  4]
 [ 5 14  8  3 10  7  9 12 15  1  4 11  2 13 16  6]
 [ 2 11  1  9 15 16  8  6 14 12 13  3  4  7 10  5]
 [12  4 10  6 11 13 14  2 16  8  7  5 15  3  1  9]
 [15  7 16 13  1  5  3  4  2  9  6 10 12 11  8 14]
 [13 12 11  1  4 14 16  9 10  5  8  7  6 15  2  3]
 [16  9  7  2  8  3 13  5  1 11 15  6 14 12  4 10]
 [ 8 10  4  5  6 11  2 15 12  3 14 13  1 16  9  7]
 [ 3  6 14 15 12 10  1  7  4  2 16  9  5  8 13 11]
 [10  3  2 14  7  8  6  1 11 15 12  4 16  9  5 13]
 [ 9  1  6 16  2 15  5 13  3  7 10  8 11  4 14 12]
 [ 7  8  5 11 14  4 12 10 13 16  9  2  3  1  6 15]
 [ 4 15 13 12 16  9 11  3  6 14  5  1 10  2  7  8]]

[[ 1  2  3  4  5  6  7  8  9 10 11 12 13 14 15 16]
 [ 6 16  9  8 13 12 15 11  5  4  1 14  7 10  2  3]
 [11  5 15 10  9  2  4 14  7 13  3 16  8  6 12  1]
 [14 13 12  7  3  1 10 16  8  6  2 15  9  5 11  4]
 [ 5 14  8  3 10  7  9 12 15  1  4 11  2 13 16  6]
 [ 2 11  1  9 15 16  8  6 14 12 13  3  4  7 10  5]
 [12  4 10  6 11 13 14  2 16  8  7  5 15  3  1  9]
 [15  7 16 13  1  5  3  4  2  9  6 10 12 11  8 14]
 [13 12 11  1  4 14 16  9 10  5  8  7  6 15  3  2]
 [16  9  7  2  8  3 13  5  6 11 15  1 14 12  4 10]
 [ 8 10  4  5  6 11  2 15 12  3 14 13  1 16  9  7]
 [ 3  6 14 15 12 10  1  7  4  2 16  9  5  8 13 11]
 [10  3  2 14  7  8  6  1 11 15 12  4 16  9  5 13]
 [ 9  1  6 16  2 15  5 13  3  7 10  8 11  4 14 12]
 [ 7  8  5 11 14  4 12 10 13 16  9  2  3  1  6 15]
 [ 4 15 13 12 16  9 11  3  1 14  5  6 10  2  7  8]]

[[ 1  2  3  4  5  6  7  8  9 10 11 12 13 14 15 16]
 [ 6 16  9  8 13 12 15 11  5  4  1 14  7 10  3  2]
 [11  5 15 10  9  2  4 14  7 13  3 16 12  6  8  1]
 [14 13 12  7 16  1 10  3  8  6  2 15  9  5 11  4]
 [ 5  3  8 14 10  7  9 12 15  1  4 11  2 13 16  6]
 [ 2 11  1  9 15 16  8  6 14 12 13  3  4  7 10  5]
 [12  4 10  6 11 13 14  2 16  8  7  5 15  3  1  9]
 [15  7 16 13  1  5  3  4  2  9  6 10  8 11 12 14]
 [13 12 11  1  4 14 16  9 10  5  8  7  6 15  2  3]
 [16  9  7  2  8  3  5 13  6 11 15  1 14 12  4 10]
 [ 8 10  4  5  6 11  2 15 12  3 14 13  1 16  9  7]
 [ 3  6 14 15 12 10  1  7  4  2 16  9  5  8 13 11]
 [10 14  2  3  7  8  6  1 11 15 12  4 16  9  5 13]
 [ 9  1  6 16  2 15 13  5  3  7 10  8 11  4 14 12]
 [ 7  8  5 11 14  4 12 10 13 16  9  2  3  1  6 15]
 [ 4 15 13 12  3  9 11 16  1 14  5  6 10  2  7  8]]

[[ 1  2  3  4  5  6  7  8  9 10 11 12 13 14 15 16]
 [ 6 16  9  8 13 12 15 11  5  4  1 14  7 10  3  2]
 [11  5 15 10  9  2  4 14  7 13  3 16 12  6  8  1]
 [14 13 12  7 16  1 10  3  8  6  2 15  9  5 11  4]
 [ 5 14  8  3 10  7  9 12 15  1  4 11  2 13 16  6]
 [ 2 11  1  9 15 16  8  6 14 12 13  3  4  7 10  5]
 [12  4 10  6 11 13 14  2 16  8  7  5 15  3  1  9]
 [15  7 16 13  1  5  3  4  2  9  6 10  8 11 12 14]
 [13 12 11  1  4 14 16  9 10  5  8  7  6 15  2  3]
 [16  9  7  2 12  3 13  5  6 11 15  1 14  8  4 10]
 [ 8 10  4  5  6 11  2 15 12  3 14 13  1 16  9  7]
 [ 3  6 14 15  8 10  1  7  4  2 16  9  5 12 13 11]
 [10  3  2 14  7  8  6  1 11 15 12  4 16  9  5 13]
 [ 9  1  6 16  2 15  5 13  3  7 10  8 11  4 14 12]
 [ 7  8  5 11 14  4 12 10 13 16  9  2  3  1  6 15]
 [ 4 15 13 12  3  9 11 16  1 14  5  6 10  2  7  8]]

[[ 1  2  3  4  5  6  7  8  9 10 11 12 13 14 15 16]
 [ 6 16  9  8 13 12 15 11  5  4  1 14  7 10  3  2]
 [11 10 15  5  9  2  4 14  7 13  3 16  8  6 12  1]
 [14 13 12  7  3  1 10 16  8  6  2 15  9  5 11  4]
 [ 5 14  8  3 10  7  9 12 15  1  4 11  2 13 16  6]
 [ 2 11  1  9 15 16  8  6 14 12 13  3  4  7 10  5]
 [12  4 10  6 11 13 14  2 16  8  7  5 15  3  1  9]
 [15  7 16 13  1  5  3  4  2  9  6 10 12 11  8 14]
 [13 12 11  1  4 14 16  9 10  5  8  7  6 15  2  3]
 [16  9  7  2  8  3 13  5  6 11 15  1 14 12  4 10]
 [ 8  5  4 10  6 11  2 15 12  3 14 13  1 16  9  7]
 [ 3  6 14 15 12 10  1  7  4  2 16  9  5  8 13 11]
 [10  3  2 14  7  8  6  1 11 15 12  4 16  9  5 13]
 [ 9  1  6 16  2 15  5 13  3  7 10  8 11  4 14 12]
 [ 7  8  5 11 14  4 12 10 13 16  9  2  3  1  6 15]
 [ 4 15 13 12 16  9 11  3  1 14  5  6 10  2  7  8]]

[[ 1  2  3  4  5  6  7  8  9 10 11 12 13 14 15 16]
 [ 9 16  6  8 13 12 15 11  5  4  1 14  7 10  3  2]
 [11  5 15 10  9  2  4 14  7 13  3 16  8  6 12  1]
 [14 13 12  7  3  1 10 16  8  6  2 15  9  5 11  4]
 [ 5 14  8  3 10  7  9 12 15  1  4 11  2 13 16  6]
 [ 2 11  1  9 15 16  8  6 14 12 13  3  4  7 10  5]
 [12  4 10  6 11 13 14  2 16  8  7  5 15  3  1  9]
 [15  7 16 13  1  5  3  4  2  9  6 10 12 11  8 14]
 [13 12 11  1  4 14 16  9 10  5  8  7  6 15  2  3]
 [16  9  7  2  8  3 13  5  6 11 15  1 14 12  4 10]
 [ 8 10  4  5  6 11  2 15 12  3 14 13  1 16  9  7]
 [ 3  6 14 15 12 10  1  7  4  2 16  9  5  8 13 11]
 [10  3  2 14  7  8  6  1 11 15 12  4 16  9  5 13]
 [ 6  1  9 16  2 15  5 13  3  7 10  8 11  4 14 12]
 [ 7  8  5 11 14  4 12 10 13 16  9  2  3  1  6 15]
 [ 4 15 13 12 16  9 11  3  1 14  5  6 10  2  7  8]]

[[ 1  2  3  4  5  6  7  8  9 10 11 12 13 14 15 16]
 [ 6 16  9  8 13 12 15 11  5  4  1 14  7 10  3  2]
 [11  5 15 10  9  2  4 14  7 13  3 16 12  6  8  1]
 [14 13 12  7 16  1 10  3  8  6  2 15  9  5 11  4]
 [ 5 14  8  3 10  7  9 12 15  1  4 11  2 13 16  6]
 [ 2 11  1  9 15 16  8  6 14 12 13  3  4  7 10  5]
 [12  4 10  6 11 13 14  2 16  8  7  5 15  3  1  9]
 [15  7 16 13  1  5  3  4  2  9  6 10  8 11 12 14]
 [13 12 11  1  4 14 16  9 10  5  8  7  6 15  2  3]
 [16  9  7  2  8  3 13  5  1 11 15  6 14 12  4 10]
 [ 8 10  4  5  6 11  2 15 12  3 14 13  1 16  9  7]
 [ 3  6 14 15 12 10  1  7  4  2 16  9  5  8 13 11]
 [10  3  2 14  7  8  6  1 11 15 12  4 16  9  5 13]
 [ 9  1  6 16  2 15  5 13  3  7 10  8 11  4 14 12]
 [ 7  8  5 11 14  4 12 10 13 16  9  2  3  1  6 15]
 [ 4 15 13 12  3  9 11 16  6 14  5  1 10  2  7  8]]

[[ 1  2  3  4  5  6  7  8  9 10 11 12 13 14 15 16]
 [ 6 16  9  8 13 12 15 11  5  4  1 14  7 10  3  2]
 [11  5 15 10  9  2  4 14  7 13  3 16 12  6  8  1]
 [14 13 12  7 16  1 10  3  8  6  2 15  9  5 11  4]
 [ 5  3  8 14 10  7  9 12 15  1  4 11  2 13 16  6]
 [ 2 11  1  9 15 16  8  6 14 12 13  3  4  7 10  5]
 [12  4 10  6 11 13 14  2 16  8  7  5 15  3  1  9]
 [15  7 16 13  1  5  3  4  2  9  6 10  8 11 12 14]
 [13 12 11  1  4 14 16  9 10  5  8  7  6 15  2  3]
 [16  9  7  2  8  3  5 13  6 11 15  1 14 12  4 10]
 [ 8 10  4  5  6 11  2 15 12  3 14 13  1 16  9  7]
 [ 3  6 14 15 12 10  1  7  4  2 16  9  5  8 13 11]
 [10 14  2  3  7  8  6  1 11 15 12  4 16  9  5 13]
 [ 9  1  6 16  2 15 13  5  3  7 10  8 11  4 14 12]
 [ 7 15  5 11 14  4 12 10 13 16  9  2  3  1  6  8]
 [ 4  8 13 12  3  9 11 16  1 14  5  6 10  2  7 15]]

[[ 1  2  3  4  5  6  7  8  9 10 11 12 13 14 15 16]
 [ 6 16  9  8 13 15 12 11  5  4  1 14  7 10  3  2]
 [11  5 15 10  9  2  4 14  7 13  3 16 12  6  8  1]
 [14 13 12  7 16  1 10  3  8  6  2 15  9  5 11  4]
 [ 5 14  8  3 10  7  9 12 15  1  4 11  2 13 16  6]
 [ 2 11  1  9 15 16  8  6 14 12 13  3  4  7 10  5]
 [12  4 10  6 11 13 14  2 16  8  7  5 15  3  1  9]
 [15  7 16 13  1  5  3  4  2  9  6 10  8 11 12 14]
 [13 12 11  1  4 14 16  9 10  5  8  7  6 15  2  3]
 [16  9  7  2  8  3 13  5  6 11 15  1 14 12  4 10]
 [ 8 10  4  5  6 11  2 15 12  3 14 13  1 16  9  7]
 [ 3  6 14 15 12 10  1  7  4  2 16  9  5  8 13 11]
 [10  3  2 14  7  8  6  1 11 15 12  4 16  9  5 13]
 [ 9  1  6 16  2 12  5 13  3  7 10  8 11  4 14 15]
 [ 7  8  5 11 14  4 15 10 13 16  9  2  3  1  6 12]
 [ 4 15 13 12  3  9 11 16  1 14  5  6 10  2  7  8]]

[[ 1  2  3  4  5  6  7  8  9 10 11 12 13 14 15 16]
 [ 9 16  6  8 13 12 15 11  5  4  1 14  7 10  3  2]
 [11  5 15 10  9  2  4 14  7 13  3 16  8  6 12  1]
 [14 13 12  7  3  1 10 16  8  6  2 15  9  5 11  4]
 [ 5 14  8  3 10  7  9 12 15 11  4  1  2 13 16  6]
 [ 2 11  1  9 15 16  8  6 14 12 13  3  4  7 10  5]
 [12  4 10  6 11 13 14  2 16  8  7  5 15  3  1  9]
 [15  7 16 13  1  5  3  4  2  9  6 10 12 11  8 14]
 [13 12 11  1  4 14 16  9 10  5  8  7  6 15  2  3]
 [16  9  7  2  8  3 13  5  6  1 15 11 14 12  4 10]
 [ 8 10  4  5  6 11  2 15 12  3 14 13  1 16  9  7]
 [ 3  6 14 15 12 10  1  7  4  2 16  9  5  8 13 11]
 [10  3  2 14  7  8  6  1 11 15 12  4 16  9  5 13]
 [ 6  1  9 16  2 15  5 13  3  7 10  8 11  4 14 12]
 [ 7  8  5 11 14  4 12 10 13 16  9  2  3  1  6 15]
 [ 4 15 13 12 16  9 11  3  1 14  5  6 10  2  7  8]]

[[ 1  2  3  4  5  6  7  8  9 10 11 12 13 14 15 16]
 [ 6 16  9  8 13 12 15 11  5  4  1 14  7 10  3  2]
 [11  5 15 10  9  2  4 14  7 13  3 16 12  6  8  1]
 [14 13 12  7 16  1 10  3  8  6  2 15  9  5 11  4]
 [ 5 14  8  3 10  7  9 12 15  1  4 11  2 13 16  6]
 [ 2 11  1  9 15 16  8  6 14 12 13  3  4  7 10  5]
 [12  4 10  6 11 13 14  2 16  8  7  5 15  3  1  9]
 [15  7 16 13  1  5  3  4  2  9  6 10  8 11 12 14]
 [13 12 11  1  4 14 16  9 10  5  8  7  6 15  2  3]
 [16  9  7  2  8  3  5 13  6 11 15  1 14 12  4 10]
 [ 8 10  4  5  6 11  2 15 12  3 14 13  1 16  9  7]
 [ 3  6 14 15 12 10  1  7  4  2 16  9  5  8 13 11]
 [10  3  2 14  7  8  6  1 11 15 12  4 16  9  5 13]
 [ 9  1  6 16  2 15 13  5  3  7 10  8 11  4 14 12]
 [ 7 15  5 11 14  4 12 10 13 16  9  2  3  1  6  8]
 [ 4  8 13 12  3  9 11 16  1 14  5  6 10  2  7 15]]

[[ 1  2  3  4  5  6  7  8  9 10 11 12 13 14 15 16]
 [ 9 16  6  8 13 12 15 11  5  4  1 14  7 10  3  2]
 [11  5 15 10  9  2  4 14  7 13  3 16 12  6  8  1]
 [14 13 12  7 16  1 10  3  8  6  2 15  9  5 11  4]
 [ 5 14  8  3 10  7  9 12 15  1  4 11  2 13 16  6]
 [ 2 11  1  9 15 16  8  6 14 12 13  3  4  7 10  5]
 [12  4 10  6 11 13 14  2 16  8  7  5 15  3  1  9]
 [15  7 16 13  1  5  3  4  2  9  6 10  8 11 12 14]
 [13 12 11  1  4 14 16  9 10  5  8  7  6 15  2  3]
 [16  9  7  2  8  3 13  5  6 11 15  1 14 12  4 10]
 [ 8 10  4  5  6 11  2 15 12  3 14 13  1 16  9  7]
 [ 3  6 14 15 12 10  1  7  4  2 16  9  5  8 13 11]
 [10  3  2 14  7  8  6  1 11 15 12  4 16  9  5 13]
 [ 6  1  9 16  2 15  5 13  3  7 10  8 11  4 14 12]
 [ 7  8  5 11 14  4 12 10 13 16  9  2  3  1  6 15]
 [ 4 15 13 12  3  9 11 16  1 14  5  6 10  2  7  8]]

[[ 1  2  3  4  5  6  7  8  9 10 11 12 13 14 15 16]
 [ 6 16  9  8 13 12 15 11  5  4  1 14  7 10  3  2]
 [11  5 15 10  9  2  4 14  7 13  3 16 12  6  8  1]
 [14  7 12 13 16  1 10  3  8  6  2 15  9  5 11  4]
 [ 5 14  8  3 10  7  9 12 15  1  4 11  2 13 16  6]
 [ 2 11  1  9 15 16  8  6 14 12 13  3  4  7 10  5]
 [12  4 10  6 11 13 14  2 16  8  7  5 15  3  1  9]
 [15 13 16  7  1  5  3  4  2  9  6 10  8 11 12 14]
 [13 12 11  1  4 14 16  9 10  5  8  7  6 15  2  3]
 [16  9  7  2  8  3  5 13  6 11 15  1 14 12  4 10]
 [ 8 10  4  5  6 11  2 15 12  3 14 13  1 16  9  7]
 [ 3  6 14 15 12 10  1  7  4  2 16  9  5  8 13 11]
 [10  3  2 14  7  8  6  1 11 15 12  4 16  9  5 13]
 [ 9  1  6 16  2 15 13  5  3  7 10  8 11  4 14 12]
 [ 7  8  5 11 14  4 12 10 13 16  9  2  3  1  6 15]
 [ 4 15 13 12  3  9 11 16  1 14  5  6 10  2  7  8]]

[[ 1  2  3  4  5  6  7  8  9 10 11 12 13 14 15 16]
 [ 6 16  9  8 13 12 15 11  5  4  1 14  7 10  3  2]
 [11 10 15  5  9  2  4 14  7 13  3 16 12  6  8  1]
 [14 13 12  7 16  1 10  3  8  6  2 15  9  5 11  4]
 [ 5 14  8  3 10  7  9 12 15  1  4 11  2 13 16  6]
 [ 2 11  1  9 15 16  8  6 14 12 13  3  4  7 10  5]
 [12  4 10  6 11 13 14  2 16  8  7  5 15  3  1  9]
 [15  7 16 13  1  5  3  4  2  9  6 10  8 11 12 14]
 [13 12 11  1  4 14 16  9 10  5  8  7  6 15  2  3]
 [16  9  7  2  8  3 13  5  6 11 15  1 14 12  4 10]
 [ 8  5  4 10  6 11  2 15 12  3 14 13  1 16  9  7]
 [ 3  6 14 15 12 10  1  7  4  2 16  9  5  8 13 11]
 [10  3  2 14  7  8  6  1 11 15 12  4 16  9  5 13]
 [ 9  1  6 16  2 15  5 13  3  7 10  8 11  4 14 12]
 [ 7  8  5 11 14  4 12 10 13 16  9  2  3  1  6 15]
 [ 4 15 13 12  3  9 11 16  1 14  5  6 10  2  7  8]]

[[ 1  2  3  4  5  6  7  8  9 10 11 12 13 14 15 16]
 [ 6 16  9  8 13 12 15 11  5  4  1 14  7 10  3  2]
 [11  5 15 10  9  2  4 14  7 13  3 16  8  6 12  1]
 [14 13 12  7 16  1 10  3  8  6  2 15  9  5 11  4]
 [ 5 14  8  3 10  7  9 12 15  1  4 11  2 13 16  6]
 [ 2 11  1  9 15 16  8  6 14 12 13  3  4  7 10  5]
 [12  4 10  6 11 13 14  2 16  8  7  5 15  3  1  9]
 [15  7 16 13  1  5  3  4  2  9  6 10 12 11  8 14]
 [13 12 11  1  4 14 16  9 10  5  8  7  6 15  2  3]
 [16  9  7  2  8  3 13  5  6 11 15  1 14 12  4 10]
 [ 8 10  4  5  6 11  2 15 12  3 14 13  1 16  9  7]
 [ 3  6 14 15 12 10  1  7  4  2 16  9  5  8 13 11]
 [10  3  2 14  7  8  6  1 11 15 12  4 16  9  5 13]
 [ 9  1  6 16  2 15  5 13  3  7 10  8 11  4 14 12]
 [ 7  8  5 11 14  4 12 10 13 16  9  2  3  1  6 15]
 [ 4 15 13 12  3  9 11 16  1 14  5  6 10  2  7  8]]

[[ 1  2  3  4  5  6  7  8  9 10 11 12 13 14 15 16]
 [ 6 16  9  8 13 12 15 11  5  4  1 14  7 10  3  2]
 [11  5 15 10  9  2  4 14  7  3 13 16 12  6  8  1]
 [14 13 12  7 16  1 10  3  8  6  2 15  9  5 11  4]
 [ 5  3  8 14 10  7  9 12 15  1  4 11  2 13 16  6]
 [ 2 11  1  9 15 16  8  6 14 12  3 13  4  7 10  5]
 [12  4 10  6 11 13 14  2 16  8  7  5 15  3  1  9]
 [15  7 16 13  1  5  3  4  2  9  6 10  8 11 12 14]
 [13 12 11  1  4 14 16  9 10  5  8  3  6 15  2  7]
 [16  9  7  2  8  3  5 13  6 11 15  1 14 12  4 10]
 [ 8 10  4  5  6 11  2 15 12 13 14  7  1 16  9  3]
 [ 3  6 14 15 12 10  1  7  4  2 16  9  5  8 13 11]
 [10 14  2  3  7  8  6  1 11 15 12  4 16  9  5 13]
 [ 9  1  6 16  2 15 13  5  3  7 10  8 11  4 14 12]
 [ 7 15  5 11 14  4 12 10 13 16  9  2  3  1  6  8]
 [ 4  8 13 12  3  9 11 16  1 14  5  6 10  2  7 15]]

[[ 1  2  3  4  5  6  7  8  9 10 11 12 13 14 15 16]
 [ 9 16  6  8 13 12 15 11  5  4  1 14  7 10  3  2]
 [11  5 15 10  9  2  4 14  7 13  3 16 12  6  8  1]
 [14 13 12  7 16  1 10  3  8  6  2 15  9  5 11  4]
 [ 5 14  8  3 10  7  9 12 15  1  4 11  2 13 16  6]
 [ 2 11  1  9 15 16  8  6 14 12 13  3  4  7 10  5]
 [12  4 10  6 11 13 14  2 16  8  7  5 15  3  1  9]
 [15  7 16 13  1  5  3  4  2  9  6 10  8 11 12 14]
 [13 12 11  1  4 14 16  9 10  5  8  7  6 15  2  3]
 [16  9  7  2  8  3 13  5  6 11 15  1 14 12  4 10]
 [ 8 10  4  5  6 11  2 15 12  3 14  9  1 16 13  7]
 [ 3  6 14 15 12 10  1  7  4  2 16 13  5  8  9 11]
 [10  3  2 14  7  8  6  1 11 15 12  4 16  9  5 13]
 [ 6  1  9 16  2 15  5 13  3  7 10  8 11  4 14 12]
 [ 7  8  5 11 14  4 12 10 13 16  9  2  3  1  6 15]
 [ 4 15 13 12  3  9 11 16  1 14  5  6 10  2  7  8]]

[[ 1  2  3  4  5  6  7  8  9 10 11 12 13 14 15 16]
 [ 6 16  9  8 13 12 15 11  5  4  1 14  7 10  3  2]
 [11  5 15 10  9  2  4 14  7 13  3 16 12  6  8  1]
 [14  7 12 13 16  1 10  3  8  6  2 15  9  5 11  4]
 [ 5 14  8  3 10  7  9 12 15  1  4 11  2 13 16  6]
 [ 2 11  1  9 15 16  8  6 14 12 13  3  4  7 10  5]
 [12  4 10  6 11 13 14  2 16  8  7  5 15  3  1  9]
 [15 13 16  7  1  5  3  4  2  9  6 10  8 11 12 14]
 [13 12 11  1  4 14 16  9 10  5  8  7  6 15  2  3]
 [16  9  7  2  8  3 13  5  6 11 15  1 14 12  4 10]
 [ 8 10  4  5  6 11  2 15 12  3 14 13  1 16  9  7]
 [ 3  6 14 15 12 10  1  7  4  2 16  9  5  8 13 11]
 [10  3  2 14  7  8  6  1 11 15 12  4 16  9  5 13]
 [ 9  1  6 16  2 15  5 13  3  7 10  8 11  4 14 12]
 [ 7  8  5 11 14  4 12 10 13 16  9  2  3  1  6 15]
 [ 4 15 13 12  3  9 11 16  1 14  5  6 10  2  7  8]]

[[ 1  2  3  4  5  6  7  8  9 10 11 12 13 14 15 16]
 [ 6 16  9  8 11 12 15 13  5  4  1 14  7 10  3  2]
 [11  5 15 10  9  2  4 14  7 13  3 16  8  6 12  1]
 [14 13 12  7  3  1 10 16  8  6  2 15  9  5 11  4]
 [ 5 14  8  3 10  7  9 12 15  1  4 11  2 13 16  6]
 [ 2 11  1  9 15 16  8  6 14 12 13  3  4  7 10  5]
 [12  4 10  6  2 13 14 11 16  8  7  5 15  3  1  9]
 [15  7 16 13  1  5  3  4  2  9  6 10 12 11  8 14]
 [13 12 11  1  4 14 16  9 10  5  8  7  6 15  2  3]
 [16  9  7  2  8  3 13  5  6 11 15  1 14 12  4 10]
 [ 8 10  4  5  6 11  2 15 12  3 14 13  1 16  9  7]
 [ 3  6 14 15 12 10  1  7  4  2 16  9  5  8 13 11]
 [10  3  2 14  7  8  6  1 11 15 12  4 16  9  5 13]
 [ 9  1  6 16 13 15  5  2  3  7 10  8 11  4 14 12]
 [ 7  8  5 11 14  4 12 10 13 16  9  2  3  1  6 15]
 [ 4 15 13 12 16  9 11  3  1 14  5  6 10  2  7  8]]

[[ 1  2  3  4  5  6  7  8  9 10 11 12 13 14 15 16]
 [ 6 16  9  8 13 12 15 11  5  4  1 14  7 10  3  2]
 [11  5 15 10  9  2  4 14  7 13  3 16 12  6  8  1]
 [14 13 12  7  3  1 10 16  8  6  2 15  9  5 11  4]
 [ 5  3  8 14 10  7  9 12 15  1  4 11  2 13 16  6]
 [ 2 11  1  9 15 16  8  6 14 12 13  3  4  7 10  5]
 [12  4 10  6 11 13 14  2 16  8  7  5 15  3  1  9]
 [15  7 16 13  1  5  3  4  2  9  6 10  8 11 12 14]
 [13 12 11  1  4 14 16  9 10  5  8  7  6 15  2  3]
 [16  9  7  2  8  3  5 13  6 11 15  1 14 12  4 10]
 [ 8 10  4  5  6 11  2 15 12  3 14 13  1 16  9  7]
 [ 3  6 14 15 12 10  1  7  4  2 16  9  5  8 13 11]
 [10 14  2  3  7  8  6  1 11 15 12  4 16  9  5 13]
 [ 9  1  6 16  2 15 13  5  3  7 10  8 11  4 14 12]
 [ 7  8  5 11 14  4 12 10 13 16  9  2  3  1  6 15]
 [ 4 15 13 12 16  9 11  3  1 14  5  6 10  2  7  8]]

[[ 1  2  3  4  5  6  7  8  9 10 11 12 13 14 15 16]
 [ 6 16  9  8 13 12 15 11  5  4  1 14  7 10  3  2]
 [11  5 15 10  9  2  4 14  7 13  3 16  8  6 12  1]
 [14 13 12  7  3  1 10 16  8  6  2 15  9  5 11  4]
 [ 5 14  8  3 10  7  9 12 15 11  4  1  2 13 16  6]
 [ 2 11  1  9 15 16  8  6 14 12 13  3  4  7 10  5]
 [12  4 10  6 11 13 14  2 16  8  7  5 15  3  1  9]
 [15  7 16 13  1  5  3  4  2  9  6 10 12 11  8 14]
 [13 12 11  1  4 14 16  9 10  5  8  7  6 15  2  3]
 [16  9  7  2  8  3 13  5  6  1 15 11 14 12  4 10]
 [ 8 10  4  5  6 11  2 15 12  3 14 13  1 16  9  7]
 [ 3  6 14 15 12 10  1  7  4  2 16  9  5  8 13 11]
 [10  3  2 14  7  8  6  1 11 15 12  4 16  9  5 13]
 [ 9  1  6 16  2 15  5 13  3  7 10  8 11  4 14 12]
 [ 7 15  5 11 14  4 12 10 13 16  9  2  3  1  6  8]
 [ 4  8 13 12 16  9 11  3  1 14  5  6 10  2  7 15]]

[[ 1  2  3  4  5  6  7  8  9 10 11 12 13 14 15 16]
 [ 9 16  6  8 13 12 15 11  5  4  1 14  7 10  3  2]
 [11  5 15 10  9  2  4 14  7 13  3 16 12  6  8  1]
 [14 13 12  7  3  1 10 16  8  6  2 15  9  5 11  4]
 [ 5 14  8  3 10  7  9 12 15  1  4 11  2 13 16  6]
 [ 2 11  1  9 15 16  8  6 14 12 13  3  4  7 10  5]
 [12  4 10  6 11 13 14  2 16  8  7  5 15  3  1  9]
 [15  7 16 13  1  5  3  4  2  9  6 10  8 11 12 14]
 [13 12 11  1  4 14 16  9 10  5  8  7  6 15  2  3]
 [16  9  7  2  8  3 13  5  6 11 15  1 14 12  4 10]
 [ 8 10  4  5  6 11  2 15 12  3 14 13  1 16  9  7]
 [ 3  6 14 15 12 10  1  7  4  2 16  9  5  8 13 11]
 [10  3  2 14  7  8  6  1 11 15 12  4 16  9  5 13]
 [ 6  1  9 16  2 15  5 13  3  7 10  8 11  4 14 12]
 [ 7  8  5 11 14  4 12 10 13 16  9  2  3  1  6 15]
 [ 4 15 13 12 16  9 11  3  1 14  5  6 10  2  7  8]]

[[ 1  2  3  4  5  6  7  8  9 10 11 12 13 14 15 16]
 [14 16  9  8 13 12 15 11  5  4  1  6  7 10  3  2]
 [11  5 15 10  9  2  4 14  7 13  3 16 12  6  8  1]
 [ 6 13 12  7 16  1 10  3  8 14  2 15  9  5 11  4]
 [ 5 14  8  3 10  7  9 12 15  1  4 11  2 13 16  6]
 [ 2 11  1  9 15 16  8  6 14 12 13  3  4  7 10  5]
 [12  4 10  6 11 13 14  2 16  8  7  5 15  3  1  9]
 [15  7 16 13  1  5  3  4  2  9  6 10  8 11 12 14]
 [13 12 11  1  4 14 16  9 10  5  8  7  6 15  2  3]
 [16  9  7  2  8  3 13  5  6 11 15  1 14 12  4 10]
 [ 8 10  4  5  6 11  2 15 12  3 14 13  1 16  9  7]
 [ 3  6 14 15 12 10  1  7  4  2 16  9  5  8 13 11]
 [10  3  2 14  7  8  6  1 11 15 12  4 16  9  5 13]
 [ 9  1  6 16  2 15  5 13  3  7 10  8 11  4 14 12]
 [ 7  8  5 11 14  4 12 10 13 16  9  2  3  1  6 15]
 [ 4 15 13 12  3  9 11 16  1  6  5 14 10  2  7  8]]

[[ 1  2  3  4  5  6  7  8  9 10 11 12 13 14 15 16]
 [ 6 16  9  8 13 12 15 11  5  4  1 14  7 10  3  2]
 [11  5 15 10  9  2  4 14  7 13  3 16 12  6  8  1]
 [14 13 12  7  3  1 10 16  8  6  2 15  9  5 11  4]
 [ 5 14  8  3 10  7  9 12 15  1  4 11  2 13 16  6]
 [ 2 11  1  9 15 16  8  6 14 12 13  3  4  7 10  5]
 [12  4 10  6 11 13 14  2 16  8  7  5 15  3  1  9]
 [15  7 16 13  1  5  3  4  2  9  6 10  8 11 12 14]
 [13 12 11  1  4 14 16  9 10  5  8  7  6 15  2  3]
 [16  9  7  2  8  3 13  5  6 11 15  1 14 12  4 10]
 [ 8 10  4  5  6 11  2 15 12  3 14 13  1 16  9  7]
 [ 3  6 14 15 12 10  1  7  4  2 16  9  5  8 13 11]
 [10  3  2 14  7  8  6  1 11 15 12  4 16  9  5 13]
 [ 9  1  6 16  2 15  5 13  3  7 10  8 11  4 14 12]
 [ 7  8  5 11 14  4 12 10 13 16  9  2  3  1  6 15]
 [ 4 15 13 12 16  9 11  3  1 14  5  6 10  2  7  8]]

[[ 1  2  3  4  5  6  7  8  9 10 11 12 13 14 15 16]
 [ 6 16  9  8 13 12 15 11  5  1  4 14  7 10  3  2]
 [11  5 15 10  9  2  4 14  7 13  3 16 12  6  8  1]
 [14 13 12  7 16  1 10  3  8  6  2 15  9  5 11  4]
 [ 5 14  8  3 10  7  9 12 15  4  1 11  2 13 16  6]
 [ 2 11  1  9 15 16  8  6 14 12 13  3  4  7 10  5]
 [12  4 10  6 11 13 14  2 16  8  7  5 15  3  1  9]
 [15  7 16 13  1  5  3  4  2  9  6 10  8 11 12 14]
 [13 12 11  1  4 14 16  9 10  5  8  7  6 15  2  3]
 [16  9  7  2  8  3 13  5  6 11 15  1 14 12  4 10]
 [ 8 10  4  5  6 11  2 15 12  3 14 13  1 16  9  7]
 [ 3  6 14 15 12 10  1  7  4  2 16  9  5  8 13 11]
 [10  3  2 14  7  8  6  1 11 15 12  4 16  9  5 13]
 [ 9  1  6 16  2 15  5 13  3  7 10  8 11  4 14 12]
 [ 7  8  5 11 14  4 12 10 13 16  9  2  3  1  6 15]
 [ 4 15 13 12  3  9 11 16  1 14  5  6 10  2  7  8]]

[[ 1  2  3  4  5  6  7  8  9 10 11 12 13 14 15 16]
 [ 9 16  6  8 13 12 15 11  5  4  1 14  7 10  3  2]
 [11  5 15 10  9  2  4 14  7 13  3 16 12  6  8  1]
 [14 13 12  7  3  1 10 16  8  6  2 15  9  5 11  4]
 [ 5 14  8  3 10  7  9 12 15  1  4 11  2 13 16  6]
 [ 2 11  1  9 15 16  8  6 14 12 13  3  4  7 10  5]
 [12  4 10  6 11 13 14  2 16  8  7  5 15  3  1  9]
 [15  7 16 13  1  5  3  4  2  9  6 10  8 11 12 14]
 [13 12 11  1  4 14 16  9 10  5  8  7  6 15  2  3]
 [16  9  7  2  8  3 13  5  6 11 15  1 14 12  4 10]
 [ 8 10  4  5  6 11  2 15 12  3 14 13  1 16  9  7]
 [ 3  6 14 15 12 10  1  7  4 16  9  2  5  8 13 11]
 [10  3  2 14  7  8  6  1 11 15 12  4 16  9  5 13]
 [ 6  1  9 16  2 15  5 13  3  7 10  8 11  4 14 12]
 [ 7  8  5 11 14  4 12 10 13  2 16  9  3  1  6 15]
 [ 4 15 13 12 16  9 11  3  1 14  5  6 10  2  7  8]]

[[ 1  2  3  4  5  6  7  8  9 10 11 12 13 14 15 16]
 [ 6 16  9  8 13 12 15 11  5  4  1 14  7 10  3  2]
 [11  5 15 10  9  2  4 14  7  3 13 16 12  6  8  1]
 [14 13 12  7 16  1 10  3  8  6  2 15  9  5 11  4]
 [ 5  3  8 14 10  7  9 12 15  1  4 11  2 13 16  6]
 [ 2 11  1  9 15 16  8  6 14 12  3 13  4  7 10  5]
 [12  4 10  6 11 13 14  2 16  8  7  5 15  3  1  9]
 [15  7 16 13  1  5  3  4  2  9  6 10  8 11 12 14]
 [13 12 11  1  4 14 16  9 10  5  8  3  6 15  2  7]
 [16  9  7  2  8  3 13  5  6 11 15  1 14 12  4 10]
 [ 8 10  4  5  6 11  2 15 12 13 14  7  1 16  9  3]
 [ 3  6 14 15 12 10  1  7  4  2 16  9  5  8 13 11]
 [10 14  2  3  7  8  6  1 11 15 12  4 16  9  5 13]
 [ 9  1  6 16  2 15  5 13  3  7 10  8 11  4 14 12]
 [ 7 15  5 11 14  4 12 10 13 16  9  2  3  1  6  8]
 [ 4  8 13 12  3  9 11 16  1 14  5  6 10  2  7 15]]

[[ 1  2  3  4  5  6  7  8  9 10 11 12 13 14 15 16]
 [ 6 16  9  8 13 12 15 11  5  1  4 14  7 10  3  2]
 [11  5 15 10  9  2  4 14  7 13  3 16 12  6  8  1]
 [14  7 12 13 16  1 10  3  8  6  2 15  9  5 11  4]
 [ 5 14  8  3 10  7  9 12 15  4  1 11  2 13 16  6]
 [ 2 11  1  9 15 16  8  6 14 12 13  3  4  7 10  5]
 [12  4 10  6 11 13 14  2 16  8  7  5 15  3  1  9]
 [15 13 16  7  1  5  3  4  2  9  6 10  8 11 12 14]
 [13 12 11  1  4 14 16  9 10  5  8  7  6 15  2  3]
 [16  9  7  2  8  3 13  5  6 11 15  1 14 12  4 10]
 [ 8 10  4  5  6 11  2 15 12  3 14 13  1 16  9  7]
 [ 3  6 14 15 12 10  1  7  4  2 16  9  5  8 13 11]
 [10  3  2 14  7  8  6  1 11 15 12  4 16  9  5 13]
 [ 9  1  6 16  2 15  5 13  3  7 10  8 11  4 14 12]
 [ 7  8  5 11 14  4 12 10 13 16  9  2  3  1  6 15]
 [ 4 15 13 12  3  9 11 16  1 14  5  6 10  2  7  8]]

[[ 1  2  3  4  5  6  7  8  9 10 11 12 13 14 15 16]
 [ 9 16  6  8 13 12 15 11  5  4  1 14  7 10  3  2]
 [11  5 15 10  9  2  4 14  7 13  3 16 12  6  8  1]
 [14 13 12  7 16  1 10  3  8  6  2 15  9  5 11  4]
 [ 5 14  8  3 10  7  9 12 15 11  4  1  2 13 16  6]
 [ 2 11  1  9 15 16  8  6 14 12 13  3  4  7 10  5]
 [12  4 10  6 11 13 14  2 16  8  7  5 15  3  1  9]
 [15  7 16 13  1  5  3  4  2  9  6 10  8 11 12 14]
 [13 12 11  1  4 14 16  9 10  5  8  7  6 15  2  3]
 [16  9  7  2  8  3 13  5  6  1 15 11 14 12  4 10]
 [ 8 10  4  5  6 11  2 15 12  3 14 13  1 16  9  7]
 [ 3  6 14 15 12 10  1  7  4  2 16  9  5  8 13 11]
 [10  3  2 14  7  8  6  1 11 15 12  4 16  9  5 13]
 [ 6  1  9 16  2 15  5 13  3  7 10  8 11  4 14 12]
 [ 7  8  5 11 14  4 12 10 13 16  9  2  3  1  6 15]
 [ 4 15 13 12  3  9 11 16  1 14  5  6 10  2  7  8]]

[[ 1  2  3  4  5  6  7  8  9 10 11 12 13 14 15 16]
 [ 6 16  9  8 13 12 15  3  5  1  4 14  7 10 11  2]
 [11  5 15 10  9  2  4 14  7 13  3 16 12  6  8  1]
 [14  7 12 13 16  1 10 11  8  6  2 15  9  5  3  4]
 [ 5 14  8  3 10  7  9 12 15  4  1 11  2 13 16  6]
 [ 2 11  1  9 15 16  8  6 14 12 13  3  4  7 10  5]
 [12  4 10  6 11 13 14  2 16  8  7  5 15  3  1  9]
 [15 13 16  7  1  5  3  4  2  9  6 10  8 11 12 14]
 [13 12 11  1  4 14 16  9 10  5  8  7  6 15  2  3]
 [16  9  7  2  8  3 13  5  6 11 15  1 14 12  4 10]
 [ 8 10  4  5  6 11  2 15 12  3 14 13  1 16  9  7]
 [ 3  6 14 15 12 10  1  7  4  2 16  9  5  8 13 11]
 [10  3  2 14  7  8  6  1 11 15 12  4 16  9  5 13]
 [ 9  1  6 16  2 15  5 13  3  7 10  8 11  4 14 12]
 [ 7  8  5 11 14  4 12 10 13 16  9  2  3  1  6 15]
 [ 4 15 13 12  3  9 11 16  1 14  5  6 10  2  7  8]]

[[ 1  2  3  4  5  6  7  8  9 10 11 12 13 14 15 16]
 [ 6 16  9  8 13 12 15 11  1  4  5 14  7 10  3  2]
 [11  5 15 10  9  2  4 14  7  3 13 16 12  6  8  1]
 [14 13 12  7 16  1 10  3  8  6  2 15  9  5 11  4]
 [ 5  3  8 14 10  7  9 12 15  1  4 11  2 13 16  6]
 [ 2 11  1  9 15 16  8  6 14 12  3 13  4  7 10  5]
 [12  4 10  6 11 13 14  2 16  8  7  5 15  3  1  9]
 [15  7 16 13  1  5  3  4  2  9  6 10  8 11 12 14]
 [13 12 11  1  4 14 16  9 10  5  8  3  6 15  2  7]
 [16  9  7  2  8  3  5 13  6 11 15  1 14 12  4 10]
 [ 8 10  4  5  6 11  2 15 12 13 14  7  1 16  9  3]
 [ 3  6 14 15 12 10  1  7  4  2 16  9  5  8 13 11]
 [10 14  2  3  7  8  6  1 11 15 12  4 16  9  5 13]
 [ 9  1  6 16  2 15 13  5  3  7 10  8 11  4 14 12]
 [ 7 15  5 11 14  4 12 10 13 16  9  2  3  1  6  8]
 [ 4  8 13 12  3  9 11 16  5 14  1  6 10  2  7 15]]

[[ 1  2  3  4  5  6  7  8  9 10 11 12 13 14 15 16]
 [ 6 16  9  8 13 12 15  3  5  1  4 14  7 10 11  2]
 [11  5 15 10  9  2  4 14  7 13  3 16 12  6  8  1]
 [14  7 12 13 16 10  1 11  8  6  2 15  9  5  3  4]
 [ 5 14  8  3 10  7  9 12 15  4  1 11  2 13 16  6]
 [ 2 11  1  9 15 16  8  6 14 12 13  3  4  7 10  5]
 [12  4 10  6 11 13 14  2 16  8  7  5 15  3  1  9]
 [15 13 16  7  1  5  3  4  2  9  6 10  8 11 12 14]
 [13 12 11  1  4 14 16  9 10  5  8  7  6 15  2  3]
 [16  9  7  2  8  3 13  5  6 11 15  1 14 12  4 10]
 [ 8 10  4  5  6 11  2 15 12  3 14 13  1 16  9  7]
 [ 3  6 14 15 12  1 10  7  4  2 16  9  5  8 13 11]
 [10  3  2 14  7  8  6  1 11 15 12  4 16  9  5 13]
 [ 9  1  6 16  2 15  5 13  3  7 10  8 11  4 14 12]
 [ 7  8  5 11 14  4 12 10 13 16  9  2  3  1  6 15]
 [ 4 15 13 12  3  9 11 16  1 14  5  6 10  2  7  8]]

[[ 1  2  3  4  5  6  7  8  9 10 11 12 13 14 15 16]
 [ 6 16  9  8 13 12 15 11  5  4  1 14  7 10  3  2]
 [11  5 15 10  9  2  4 14  7  3 13 16 12  6  8  1]
 [14  7 12 13 16  1 10  3  8  6  2 15  9  5 11  4]
 [ 5  3  8 14 10  7  9 12 15  1  4 11  2 13 16  6]
 [ 2 11  1  9 15 16  8  6 14 12  3 13  4  7 10  5]
 [12  4 10  6 11 13 14  2 16  8  7  5 15  3  1  9]
 [15 13 16  7  1  5  3  4  2  9  6 10  8 11 12 14]
 [13 12 11  1  4 14 16  9 10  5  8  3  6 15  2  7]
 [16  9  7  2  8  3  5 13  6 11 15  1 14 12  4 10]
 [ 8 10  4  5  6 11  2 15 12 13 14  7  1 16  9  3]
 [ 3  6 14 15 12 10  1  7  4  2 16  9  5  8 13 11]
 [10 14  2  3  7  8  6  1 11 15 12  4 16  9  5 13]
 [ 9  1  6 16  2 15 13  5  3  7 10  8 11  4 14 12]
 [ 7 15  5 11 14  4 12 10 13 16  9  2  3  1  6  8]
 [ 4  8 13 12  3  9 11 16  1 14  5  6 10  2  7 15]]

[[ 1  2  3  4  5  6  7  8  9 10 11 12 13 14 15 16]
 [ 9 16  6  8 13 12 15 11  5  4  1 14  7 10  3  2]
 [11  5 15 10  9  2  4 14  7 13  3 16 12  6  8  1]
 [14 13 12  7 16  1 10  3  8  6  2 15  9  5 11  4]
 [ 5 14  8  3 10  7  9 12 15  1  4 11  2 13 16  6]
 [ 2 11  1  9 15 16  8  6 14 12 13  3  4  7 10  5]
 [12  4 10  6 11 13 14  2 16  8  7  5 15  3  1  9]
 [15  7 16 13  1  3  5  4  2  9  6 10  8 11 12 14]
 [13 12 11  1  4 14 16  9 10  5  8  7  6 15  2  3]
 [16  9  7  2  8  5  3 13  6 11 15  1 14 12  4 10]
 [ 8 10  4  5  6 11  2 15 12  3 14 13  1 16  9  7]
 [ 3  6 14 15 12 10  1  7  4  2 16  9  5  8 13 11]
 [10  3  2 14  7  8  6  1 11 15 12  4 16  9  5 13]
 [ 6  1  9 16  2 15 13  5  3  7 10  8 11  4 14 12]
 [ 7  8  5 11 14  4 12 10 13 16  9  2  3  1  6 15]
 [ 4 15 13 12  3  9 11 16  1 14  5  6 10  2  7  8]]

[[ 1  2  3  4  5  6  7  8  9 10 11 12 13 14 15 16]
 [ 6 16  9  8 13 12 15 11  5  1  4 14  7 10  3  2]
 [11  5 15 10  9  2  4 14  7 13  3 16 12  6  8  1]
 [14  7 13 12 16  1 10  3  8  6  2 15  9  5 11  4]
 [ 5 14  8  3 10  7  9 12 15  4  1 11  2 13 16  6]
 [ 2 11  1  9 15 16  8  6 14 12 13  3  4  7 10  5]
 [12  4 10  6 11 13 14  2 16  8  7  5 15  3  1  9]
 [15 13 16  7  1  5  3  4  2  9  6 10  8 11 12 14]
 [13 12 11  1  4 14 16  9 10  5  8  7  6 15  2  3]
 [16  9  7  2  8  3 13  5  6 11 15  1 14 12  4 10]
 [ 8 10  4  5  6 11  2 15 12  3 14 13  1 16  9  7]
 [ 3  6 14 15 12 10  1  7  4  2 16  9  5  8 13 11]
 [10  3  2 14  7  8  6  1 11 15 12  4 16  9  5 13]
 [ 9  1  6 16  2 15  5 13  3  7 10  8 11  4 14 12]
 [ 7  8  5 11 14  4 12 10 13 16  9  2  3  1  6 15]
 [ 4 15 12 13  3  9 11 16  1 14  5  6 10  2  7  8]]

[[ 1  2  3  4  5  6  7  8  9 10 11 12 13 14 15 16]
 [ 6 16  9  8 13 12 15 11  1  4  5 14  7 10  3  2]
 [11  5 15 10  9  2  4 14  7  3 13 16 12  6  8  1]
 [14 13 12  7 16  1 10  3  8  6  2 15  9  5 11  4]
 [ 5  3  8 14 10  7  9 12 15  1  4 11  2 13 16  6]
 [ 2 11  1  9 15 16  8  6 14 12  3 13  4  7 10  5]
 [12 10  4  6 11 13 14  2 16  8  7  5 15  3  1  9]
 [15  7 16 13  1  5  3  4  2  9  6 10  8 11 12 14]
 [13 12 11  1  4 14 16  9 10  5  8  3  6 15  2  7]
 [16  9  7  2  8  3  5 13  6 11 15  1 14 12  4 10]
 [ 8  4 10  5  6 11  2 15 12 13 14  7  1 16  9  3]
 [ 3  6 14 15 12 10  1  7  4  2 16  9  5  8 13 11]
 [10 14  2  3  7  8  6  1 11 15 12  4 16  9  5 13]
 [ 9  1  6 16  2 15 13  5  3  7 10  8 11  4 14 12]
 [ 7 15  5 11 14  4 12 10 13 16  9  2  3  1  6  8]
 [ 4  8 13 12  3  9 11 16  5 14  1  6 10  2  7 15]]

[[ 1  2  3  4  5  6  7  8  9 10 11 12 13 14 15 16]
 [ 6 16  9  8 13 12 15 11  5  4  1 14  7 10  3  2]
 [11  5 15 10  9  2  4 14  7 13  3 16 12  6  8  1]
 [14 13 12  7 16  1 10  3  8  6  2 15  9  5 11  4]
 [ 5 14  8  3 10  7  9 12 15 11  4  1  2 13 16  6]
 [ 2 11  1  9 15 16  8  6 14 12 13  3  4  7 10  5]
 [12  4 10  6 11 13 14  2 16  8  7  5 15  3  1  9]
 [15  7 16 13  1  5  3  4  2  9  6 10  8 11 12 14]
 [13 12 11  1  4 14 16  9 10  5  8  7  6 15  2  3]
 [16  9  7  2  8  3 13  5  6  1 15 11 14 12  4 10]
 [ 8 10  4  5  6 11  2 15 12  3 14 13  1 16  9  7]
 [ 3  6 14 15 12 10  1  7  4  2 16  9  5  8 13 11]
 [10  3  2 14  7  8  6  1 11 15 12  4 16  9  5 13]
 [ 9  1  6 16  2 15  5 13  3  7 10  8 11  4 14 12]
 [ 7  8  5 11 14  4 12 10 13 16  9  2  3  1  6 15]
 [ 4 15 13 12  3  9 11 16  1 14  5  6 10  2  7  8]]

[[ 1  2  3  4  5  6  7  8  9 10 11 12 13 14 15 16]
 [ 6 16  9  8 13 12 15 11  1  4  5 14  7 10  3  2]
 [11  5 15 10  9  2  4 14  7  3 13 16 12  6  8  1]
 [14 13 12  7 16  1 10  3  8  6  2 15  9  5 11  4]
 [ 5  3  8 14 10  7  9 12 15  1  4 11  2 13 16  6]
 [ 2 11  1  9 15 16  8  6 14 12  3 13  4  7 10  5]
 [12 10  4  6 11 13 14  2 16  8  7  5 15  3  1  9]
 [15  7 16 13  1  5  3  4  2  9  6 10  8 11 12 14]
 [13 12 11  1  4 14 16  9 10  5  8  3  6 15  2  7]
 [16  9  7  5  8  3  2 13  6 11 15  1 14 12  4 10]
 [ 8  4 10  2  6 11  5 15 12 13 14  7  1 16  9  3]
 [ 3  6 14 15 12 10  1  7  4  2 16  9  5  8 13 11]
 [10 14  2  3  7  8  6  1 11 15 12  4 16  9  5 13]
 [ 9  1  6 16  2 15 13  5  3  7 10  8 11  4 14 12]
 [ 7 15  5 11 14  4 12 10 13 16  9  2  3  1  6  8]
 [ 4  8 13 12  3  9 11 16  5 14  1  6 10  2  7 15]]

[[ 1  2  3  4  5  6  7  8  9 10 11 12 13 14 15 16]
 [ 6 16  9  8 13 12 15 11  5  4  1 14  7 10  3  2]
 [11  5 15 10  9  2  4 14  7 13  3 16 12  6  8  1]
 [14  7 13 12 16  1 10  3  8  6  2 15  9  5 11  4]
 [ 5 14  8  3 10  7  9 12 15  1  4 11  2 13 16  6]
 [ 2 11  1  9 15 16  8  6 14 12 13  3  4  7 10  5]
 [12  4 10  6 11 13 14  2 16  8  7  5 15  3  1  9]
 [15 13 16  7  1  5  3  4  2  9  6 10  8 11 12 14]
 [13 12 11  1  4 14 16  7 10  5  8  9  6 15  2  3]
 [16  9  7  2  8  3 13  5  6 11 15  1 14 12  4 10]
 [ 8 10  4  5  6 11  2 15 12  3 14 13  1 16  9  7]
 [ 3  6 14 15 12 10  1  9  4  2 16  7  5  8 13 11]
 [10  3  2 14  7  8  6  1 11 15 12  4 16  9  5 13]
 [ 9  1  6 16  2 15  5 13  3  7 10  8 11  4 14 12]
 [ 7  8  5 11 14  4 12 10 13 16  9  2  3  1  6 15]
 [ 4 15 12 13  3  9 11 16  1 14  5  6 10  2  7  8]]

[[ 1  2  3  4  5  6  7  8  9 10 11 12 13 14 15 16]
 [ 9 16  6  8 13 12 15 11  1  4  5 14  7 10  3  2]
 [11  5 15 10  9  2  4 14  7  3 13 16 12  6  8  1]
 [14 13 12  7 16  1 10  3  8  6  2 15  9  5 11  4]
 [ 5  3  8 14 10  7  9 12 15  1  4 11  2 13 16  6]
 [ 2 11  1  9 15 16  8  6 14 12  3 13  4  7 10  5]
 [12 10  4  6 11 13 14  2 16  8  7  5 15  3  1  9]
 [15  7 16 13  1  5  3  4  2  9  6 10  8 11 12 14]
 [13 12 11  1  4 14 16  9 10  5  8  3  6 15  2  7]
 [16  9  7  5  8  3  2 13  6 11 15  1 14 12  4 10]
 [ 8  4 10  2  6 11  5 15 12 13 14  7  1 16  9  3]
 [ 3  6 14 15 12 10  1  7  4  2 16  9  5  8 13 11]
 [10 14  2  3  7  8  6  1 11 15 12  4 16  9  5 13]
 [ 6  1  9 16  2 15 13  5  3  7 10  8 11  4 14 12]
 [ 7 15  5 11 14  4 12 10 13 16  9  2  3  1  6  8]
 [ 4  8 13 12  3  9 11 16  5 14  1  6 10  2  7 15]]

[[ 1  2  3  4  5  6  7  8  9 10 11 12 13 14 15 16]
 [ 6 16  9  8 13 12 15 11  1  4  5 14  7 10  3  2]
 [11  5 15 10  9  2  4 14  7  3 13 16 12  6  8  1]
 [14 13 12  7 16  1 10  3  8  6  2 15  9  5 11  4]
 [ 5  3  8 14 10  7  9 12 15 11  4  1  2 13 16  6]
 [ 2 11  1  9 15 16  8  6 14 12  3 13  4  7 10  5]
 [12  4 10  6 11 13 14  2 16  8  7  5 15  3  1  9]
 [15  7 16 13  1  5  3  4  2  9  6 10  8 11 12 14]
 [13 12 11  1  4 14 16  9 10  5  8  3  6 15  2  7]
 [16  9  7  2  8  3  5 13  6  1 15 11 14 12  4 10]
 [ 8 10  4  5  6 11  2 15 12 13 14  7  1 16  9  3]
 [ 3  6 14 15 12 10  1  7  4  2 16  9  5  8 13 11]
 [10 14  2  3  7  8  6  1 11 15 12  4 16  9  5 13]
 [ 9  1  6 16  2 15 13  5  3  7 10  8 11  4 14 12]
 [ 7 15  5 11 14  4 12 10 13 16  9  2  3  1  6  8]
 [ 4  8 13 12  3  9 11 16  5 14  1  6 10  2  7 15]]

[[ 1  2  3  4  5  6  7  8  9 10 11 12 13 14 15 16]
 [ 6 16  9  8 13 12 15 11  5  1  4 14  7 10  3  2]
 [11  5 15 10  9  2  4 14  7 13  3 16 12  6  8  1]
 [14  7 13 12 16  1 10  3  8  6  2 15  9  5 11  4]
 [ 5  3  8 14 10  7  9 12 15  4  1 11  2 13 16  6]
 [ 2 11  1  9 15 16  8  6 14 12 13  3  4  7 10  5]
 [12  4 10  6 11 13 14  2 16  8  7  5 15  3  1  9]
 [15 13 16  7  1  5  3  4  2  9  6 10  8 11 12 14]
 [13 12 11  1  4 14 16  9 10  5  8  7  6 15  2  3]
 [16  9  7  2  8  3 13  5  6 11 15  1 14 12  4 10]
 [ 8 10  4  5  6 11  2 15 12  3 14 13  1 16  9  7]
 [ 3  6 14 15 12 10  1  7  4  2 16  9  5  8 13 11]
 [10 14  2  3  7  8  6  1 11 15 12  4 16  9  5 13]
 [ 9  1  6 16  2 15  5 13  3  7 10  8 11  4 14 12]
 [ 7  8  5 11 14  4 12 10 13 16  9  2  3  1  6 15]
 [ 4 15 12 13  3  9 11 16  1 14  5  6 10  2  7  8]]

[[ 1  2  3  4  5  6  7  8  9 10 11 12 13 14 15 16]
 [ 6 16  9  8 13 12 15 11  1  4  5 14  7 10  3  2]
 [11  5 15 10  9  2  4 14  7  3 13 16 12  6  8  1]
 [14 13 12  7 16  1 10  3  8  6  2 15  9  5 11  4]
 [ 5  3  8 14 10  7  9 12 15 11  4  1  2 13 16  6]
 [ 2 11  1  9 15 16  8  6 14 12  3 13  4  7 10  5]
 [12  4 10  6 11 13 14  2 16  8  7  5 15  3  1  9]
 [15  7 16 13  1  5  3  4  2  9  6 10  8 11 12 14]
 [13 12 11  1  4 14 16  9 10  5  8  3  6 15  2  7]
 [16  9  7  2  8  3 13  5  6  1 15 11 14 12  4 10]
 [ 8 10  4  5  6 11  2 15 12 13 14  7  1 16  9  3]
 [ 3  6 14 15 12 10  1  7  4  2 16  9  5  8 13 11]
 [10 14  2  3  7  8  6  1 11 15 12  4 16  9  5 13]
 [ 9  1  6 16  2 15  5 13  3  7 10  8 11  4 14 12]
 [ 7 15  5 11 14  4 12 10 13 16  9  2  3  1  6  8]
 [ 4  8 13 12  3  9 11 16  5 14  1  6 10  2  7 15]]

[[ 1  2  3  4  5  6  7  8  9 10 11 12 13 14 15 16]
 [ 6 16  9  8 13 12 15 11  5  1  2 14  7 10  3  4]
 [11  5 15 10  9  2  4 14  7 13  3 16 12  6  8  1]
 [14  7 13 12 16  1 10  3  8  6  4 15  9  5 11  2]
 [ 5 14  8  3 10  7  9 12 15  4  1 11  2 13 16  6]
 [ 2 11  1  9 15 16  8  6 14 12 13  3  4  7 10  5]
 [12  4 10  6 11 13 14  2 16  8  7  5 15  3  1  9]
 [15 13 16  7  1  5  3  4  2  9  6 10  8 11 12 14]
 [13 12 11  1  4 14 16  9 10  5  8  7  6 15  2  3]
 [16  9  7  2  8  3 13  5  6 11 15  1 14 12  4 10]
 [ 8 10  4  5  6 11  2 15 12  3 14 13  1 16  9  7]
 [ 3  6 14 15 12 10  1  7  4  2 16  9  5  8 13 11]
 [10  3  2 14  7  8  6  1 11 15 12  4 16  9  5 13]
 [ 9  1  6 16  2 15  5 13  3  7 10  8 11  4 14 12]
 [ 7  8  5 11 14  4 12 10 13 16  9  2  3  1  6 15]
 [ 4 15 12 13  3  9 11 16  1 14  5  6 10  2  7  8]]

[[ 1  2  3  4  5  6  7  8  9 10 11 12 13 14 15 16]
 [ 9 16  6  8 13 12 15 11  1  4  5 14  7 10  3  2]
 [11  5 15 10  9  2  4 14  7  3 13 16 12  6  8  1]
 [14 13 12  7 16  1 10  3  8  6  2 15  9  5 11  4]
 [ 5  3  8 14 10  7  9 12 15  1  4 11  2 13 16  6]
 [ 2 11  1  9 15 16  8  6 14 12  3 13  4  7 10  5]
 [12 10  4  6 11 13 14  2 16  8  7  5 15  3  1  9]
 [ 7 15 16 13  1  5  3  4  2  9  6 10  8 11 12 14]
 [13 12 11  1  4 14 16  9 10  5  8  3  6 15  2  7]
 [16  9  7  5  8  3  2 13  6 11 15  1 14 12  4 10]
 [ 8  4 10  2  6 11  5 15 12 13 14  7  1 16  9  3]
 [ 3  6 14 15 12 10  1  7  4  2 16  9  5  8 13 11]
 [10 14  2  3  7  8  6  1 11 15 12  4 16  9  5 13]
 [ 6  1  9 16  2 15 13  5  3  7 10  8 11  4 14 12]
 [15  7  5 11 14  4 12 10 13 16  9  2  3  1  6  8]
 [ 4  8 13 12  3  9 11 16  5 14  1  6 10  2  7 15]]

[[ 1  2  3  4  5  6  7  8  9 10 11 12 13 14 15 16]
 [ 6 16  9  8 13 12 15 11  5  1  4 14  7 10  2  3]
 [11  5 15 10  9  2  4 14  7 13  3 16 12  6  8  1]
 [14  7 12 13 16  1 10  3  8  6  2 15  9  5 11  4]
 [ 5 14  8  3 10  7  9 12 15  4  1 11  2 13 16  6]
 [ 2 11  1  9 15 16  8  6 14 12 13  3  4  7 10  5]
 [12  4 10  6 11 13 14  2 16  8  7  5 15  3  1  9]
 [15 13 16  7  1  5  3  4  2  9  6 10  8 11 12 14]
 [13 12 11  1  4 14 16  9 10  5  8  7  6 15  3  2]
 [16  9  7  2  8  3 13  5  6 11 15  1 14 12  4 10]
 [ 8 10  4  5  6 11  2 15 12  3 14 13  1 16  9  7]
 [ 3  6 14 15 12 10  1  7  4  2 16  9  5  8 13 11]
 [10  3  2 14  7  8  6  1 11 15 12  4 16  9  5 13]
 [ 9  1  6 16  2 15  5 13  3  7 10  8 11  4 14 12]
 [ 7  8  5 11 14  4 12 10 13 16  9  2  3  1  6 15]
 [ 4 15 13 12  3  9 11 16  1 14  5  6 10  2  7  8]]

[[ 1  2  3  4  5  6  7  8  9 10 11 12 13 14 15 16]
 [ 9 16  6  8 13 12 15 11  1  4  5 14  7 10  3  2]
 [11  5 15 10  9  2  4 14  7  3 13 16 12  6  8  1]
 [14 13 12  7 16  1 10  3  8  6  2 15  9  5 11  4]
 [ 5  3  8 14 10  7  9 12 15  1  4 11  2 13 16  6]
 [ 2 11  1  9 15 16  8  6 14 12  3 13  4  7 10  5]
 [12 10  4  6 11 13 14  2 16  8  7  5 15  3  1  9]
 [16 15  7 13  1  5  3  4  2  9  6 10  8 11 12 14]
 [13 12 11  1  4 14 16  9 10  5  8  3  6 15  2  7]
 [ 7  9 16  5  8  3  2 13  6 11 15  1 14 12  4 10]
 [ 8  4 10  2  6 11  5 15 12 13 14  7  1 16  9  3]
 [ 3  6 14 15 12 10  1  7  4  2 16  9  5  8 13 11]
 [10 14  2  3  7  8  6  1 11 15 12  4 16  9  5 13]
 [ 6  1  9 16  2 15 13  5  3  7 10  8 11  4 14 12]
 [15  7  5 11 14  4 12 10 13 16  9  2  3  1  6  8]
 [ 4  8 13 12  3  9 11 16  5 14  1  6 10  2  7 15]]

[[ 1  2  3  4  5  6  7  8  9 10 11 12 13 14 15 16]
 [ 6 16  9  8 13 12 15  3  5  1  4 14  7 10 11  2]
 [11  5 15 10  9  2  4 14  7 13  3 16 12  6  8  1]
 [14  7 13 12 16  1 10 11  8  6  2 15  9  5  3  4]
 [ 5 14  8  3 10  7  9 12 15  4  1 11  2 13 16  6]
 [ 2 11  1  9 15 16  8  6 14 12 13  3  4  7 10  5]
 [12  4 10  6 11 13 14  2 16  8  7  5 15  3  1  9]
 [15 13 16  7  1  5  3  4  2  9  6 10  8 11 12 14]
 [13 12 11  1  4 14 16  9 10  5  8  7  6 15  2  3]
 [16  9  7  2  8  3 13  5  6 11 15  1 14 12  4 10]
 [ 8 10  4  5  6 11  2 15 12  3 14 13  1 16  9  7]
 [ 3  6 14 15 12 10  1  7  4  2 16  9  5  8 13 11]
 [10  3  2 14  7  8  6  1 11 15 12  4 16  9  5 13]
 [ 9  1  6 16  2 15  5 13  3  7 10  8 11  4 14 12]
 [ 7  8  5 11 14  4 12 10 13 16  9  2  3  1  6 15]
 [ 4 15 12 13  3  9 11 16  1 14  5  6 10  2  7  8]]

[[ 1  2  3  4  5  6  7  8  9 10 11 12 13 14 15 16]
 [ 6 16  9  8 13 12 15 11  5  1  4 14  7 10  2  3]
 [11  5 15 10  9  2  4 14  7 13  3 16 12  6  8  1]
 [14  7 12 13 16  1 10  3  8  6  2 15  9  5 11  4]
 [ 5 14  8  3 10  7  9 12 15  4  1 11  2 13 16  6]
 [ 2 11  1  9  6 16  8 15 14 12 13  3  4  7 10  5]
 [12  4 10  6 11 13 14  2 16  8  7  5 15  3  1  9]
 [15 13 16  7  1  5  3  4  2  9  6 10  8 11 12 14]
 [13 12 11  1  4 14 16  9 10  5  8  7  6 15  3  2]
 [16  9  7  2  8  3 13  5  6 11 15  1 14 12  4 10]
 [ 8 10  4  5 15 11  2  6 12  3 14 13  1 16  9  7]
 [ 3  6 14 15 12 10  1  7  4  2 16  9  5  8 13 11]
 [10  3  2 14  7  8  6  1 11 15 12  4 16  9  5 13]
 [ 9  1  6 16  2 15  5 13  3  7 10  8 11  4 14 12]
 [ 7  8  5 11 14  4 12 10 13 16  9  2  3  1  6 15]
 [ 4 15 13 12  3  9 11 16  1 14  5  6 10  2  7  8]]

[[ 1  2  3  4  5  6  7  8  9 10 11 12 13 14 15 16]
 [ 6 16  9  8 13 12 15 11  1  4  5 14  7 10  3  2]
 [11  5 15 10  9  2  4 14  7  3 13 16 12  6  8  1]
 [14 13 12  7 16  1 10  3  8  6  2 15  9  5 11  4]
 [ 5  3  8 14 10  7  9 12 15 11  4  1  2 13 16  6]
 [ 2 11  1  9 15 16  8  6 14 12  7 13  4  3 10  5]
 [12  4 10  6 11 13 14  2 16  8  3  5 15  7  1  9]
 [15  7 16 13  1  5  3  4  2  9  6 10  8 11 12 14]
 [13 12 11  1  4 14 16  9 10  5  8  3  6 15  2  7]
 [16  9  7  2  8  3  5 13  6  1 15 11 14 12  4 10]
 [ 8 10  4  5  6 11  2 15 12 13 14  7  1 16  9  3]
 [ 3  6 14 15 12 10  1  7  4  2 16  9  5  8 13 11]
 [10 14  2  3  7  8  6  1 11 15 12  4 16  9  5 13]
 [ 9  1  6 16  2 15 13  5  3  7 10  8 11  4 14 12]
 [ 7 15  5 11 14  4 12 10 13 16  9  2  3  1  6  8]
 [ 4  8 13 12  3  9 11 16  5 14  1  6 10  2  7 15]]

[[ 1  2  3  4  5  6  7  8  9 10 11 12 13 14 15 16]
 [ 6 16  9  8 13 12 15 11  5  4  1 14  7 10  3  2]
 [11  5 15 10  9  2  4 14  3  7 13 16 12  6  8  1]
 [14 13 12  7 16  1 10  3  8  6  2 15  9  5 11  4]
 [ 5  3  8 14 10  7  9 12 15  1  4 11  2 13 16  6]
 [ 2 11  1  9 15 16  8  6 14 12  3 13  4  7 10  5]
 [12  4 10  6 11 13 14  2 16  8  7  5 15  3  1  9]
 [15  7 16 13  1  5  3  4  2  9  6 10  8 11 12 14]
 [13 12 11  1  4 14 16  9 10  5  8  3  6 15  2  7]
 [16  9  7  2  8  3  5 13  6 11 15  1 14 12  4 10]
 [ 8 10  4  5  6 11  2 15 12 13 14  7  1 16  9  3]
 [ 3  6 14 15 12 10  1  7  4  2 16  9  5  8 13 11]
 [10 14  2  3  7  8  6  1 11 15 12  4 16  9  5 13]
 [ 9  1  6 16  2 15 13  5  7  3 10  8 11  4 14 12]
 [ 7 15  5 11 14  4 12 10 13 16  9  2  3  1  6  8]
 [ 4  8 13 12  3  9 11 16  1 14  5  6 10  2  7 15]]

[[ 1  2  3  4  5  6  7  8  9 10 11 12 13 14 15 16]
 [ 6 16  9  8 13 12 15 11  5  1  4 14  7 10  2  3]
 [11  5 15 10  9  2  4 14  7 13  3 16 12  6  8  1]
 [14  7 13 12 16  1 10  3  8  6  2 15  9  5 11  4]
 [ 5  3  8 14 10  7  9 12 15  4  1 11  2 13 16  6]
 [ 2 11  1  9 15 16  8  6 14 12 13  3  4  7 10  5]
 [12  4 10  6 11 13 14  2 16  8  7  5 15  3  1  9]
 [15 13 16  7  1  5  3  4  2  9  6 10  8 11 12 14]
 [13 12 11  1  4 14 16  9 10  5  8  7  6 15  3  2]
 [16  9  7  2  8  3 13  5  6 11 15  1 14 12  4 10]
 [ 8 10  4  5  6 11  2 15 12  3 14 13  1 16  9  7]
 [ 3  6 14 15 12 10  1  7  4  2 16  9  5  8 13 11]
 [10 14  2  3  7  8  6  1 11 15 12  4 16  9  5 13]
 [ 9  1  6 16  2 15  5 13  3  7 10  8 11  4 14 12]
 [ 7  8  5 11 14  4 12 10 13 16  9  2  3  1  6 15]
 [ 4 15 12 13  3  9 11 16  1 14  5  6 10  2  7  8]]

[[ 1  2  3  4  5  6  7  8  9 10 11 12 13 14 15 16]
 [ 6 16  9  8 13 12 15 11  5  1  4 14  7 10  2  3]
 [11  5 15 10  9  2  4 14  7 13  3 16 12  6  8  1]
 [14  7 12 13 16  1 10  3  8  6  2 15  9  5 11  4]
 [ 5  3  8 14 10  7  9 12 15  4  1 11  2 13 16  6]
 [ 2 11  1  9 15 16  8  6 14 12 13  3  4  7 10  5]
 [12  4 10  6 11 13 14  2 16  8  7  5 15  3  1  9]
 [15 13 16  7  1  5  3  4  2  9  6 10  8 11 12 14]
 [13 12 11  1  4 14 16  9 10  5  8  7  6 15  3  2]
 [16  9  7  2  8  3 13  5  6 11 15  1 14 12  4 10]
 [ 8 10  4  5  6 11  2 15 12  3 14 13  1 16  9  7]
 [ 3  6 14 15 12 10  1  7  4  2 16  9  5  8 13 11]
 [10 14  2  3  7  8  6  1 11 15 12  4 16  9  5 13]
 [ 9  1  6 16  2 15  5 13  3  7 10  8 11  4 14 12]
 [ 7  8  5 11 14  4 12 10 13 16  9  2  3  1  6 15]
 [ 4 15 13 12  3  9 11 16  1 14  5  6 10  2  7  8]]

[[ 1  2  3  4  5  6  7  8  9 10 11 12 13 14 15 16]
 [ 6 16  9  8 13 12 15 11  1  4  5 14  7 10  3  2]
 [11  5 15 10  9  2  4 14  7  3 13 16  8  6 12  1]
 [14 13 12  7 16  1 10  3  8  6  2 15  9  5 11  4]
 [ 5  3  8 14 10  7  9 12 15 11  4  1  2 13 16  6]
 [ 2 11  1  9 15 16  8  6 14 12  7 13  4  3 10  5]
 [12  4 10  6 11 13 14  2 16  8  3  5 15  7  1  9]
 [15  7 16 13  1  5  3  4  2  9  6 10 12 11  8 14]
 [13 12 11  1  4 14 16  9 10  5  8  3  6 15  2  7]
 [16  9  7  2  8  3  5 13  6  1 15 11 14 12  4 10]
 [ 8 10  4  5  6 11  2 15 12 13 14  7  1 16  9  3]
 [ 3  6 14 15 12 10  1  7  4  2 16  9  5  8 13 11]
 [10 14  2  3  7  8  6  1 11 15 12  4 16  9  5 13]
 [ 9  1  6 16  2 15 13  5  3  7 10  8 11  4 14 12]
 [ 7 15  5 11 14  4 12 10 13 16  9  2  3  1  6  8]
 [ 4  8 13 12  3  9 11 16  5 14  1  6 10  2  7 15]]

[[ 1  2  3  4  5  6  7  8  9 10 11 12 13 14 15 16]
 [ 6 16  9  8 13 12 15 11  5  1  4 14  7 10  2  3]
 [11  5 15 10  9  2  4 14  7 13  3 16 12  6  8  1]
 [14  7 13 12 16  1 10  3  8  6  2 15  9  5 11  4]
 [ 5  3  8 14  7 10  9 12 15  4  1 11  2 13 16  6]
 [ 2 11  1  9 15 16  8  6 14 12 13  3  4  7 10  5]
 [12  4 10  6 11 13 14  2 16  8  7  5 15  3  1  9]
 [15 13 16  7  1  5  3  4  2  9  6 10  8 11 12 14]
 [13 12 11  1  4 14 16  9 10  5  8  7  6 15  3  2]
 [16  9  7  2  8  3 13  5  6 11 15  1 14 12  4 10]
 [ 8 10  4  5  6 11  2 15 12  3 14 13  1 16  9  7]
 [ 3  6 14 15 12  7  1 10  4  2 16  9  5  8 13 11]
 [ 7 14  2  3 10  8  6  1 11 15 12  4 16  9  5 13]
 [ 9  1  6 16  2 15  5 13  3  7 10  8 11  4 14 12]
 [10  8  5 11 14  4 12  7 13 16  9  2  3  1  6 15]
 [ 4 15 12 13  3  9 11 16  1 14  5  6 10  2  7  8]]

[[ 1  2  3  4  5  6  7  8  9 10 11 12 13 14 15 16]
 [ 6 16  9  8 13 12 15 11  5  4  1 14  7 10  3  2]
 [11  5 15 10  9  2  4 14  7  3 13 16 12  6  8  1]
 [14 13 12  7 16  1 10  3  8  6  2 15  9  5 11  4]
 [ 5  3  8 14 10  7  9 12 15  1  4 11  2 13 16  6]
 [ 2  7  1  9 15 16  8  6 14 12  3 13  4 11 10  5]
 [12  4 10  6 11 13 14  2 16  8  7  5 15  3  1  9]
 [15 11 16 13  1  5  3  4  2  9  6 10  8  7 12 14]
 [13 12 11  1  4 14 16  9 10  5  8  3  6 15  2  7]
 [16  9  7  2  8  3  5 13  6 11 15  1 14 12  4 10]
 [ 8 10  4  5  6 11  2 15 12 13 14  7  1 16  9  3]
 [ 3  6 14 15 12 10  1  7  4  2 16  9  5  8 13 11]
 [10 14  2  3  7  8  6  1 11 15 12  4 16  9  5 13]
 [ 9  1  6 16  2 15 13  5  3  7 10  8 11  4 14 12]
 [ 7 15  5 11 14  4 12 10 13 16  9  2  3  1  6  8]
 [ 4  8 13 12  3  9 11 16  1 14  5  6 10  2  7 15]]

[[ 1  2  3  4  5  6  7  8  9 10 11 12 13 14 15 16]
 [ 6 16  9  8 13 12 15 11  5  1  4 14  7 10  2  3]
 [11 10 15  5  9  2  4 14  7 13  3 16 12  6  8  1]
 [14  7 13 12 16  1 10  3  8  6  2 15  9  5 11  4]
 [ 5  3  8 14 10  7  9 12 15  4  1 11  2 13 16  6]
 [ 2 11  1  9 15 16  8  6 14 12 13  3  4  7 10  5]
 [12  4 10  6 11 13 14  2 16  8  7  5 15  3  1  9]
 [15 13 16  7  1  5  3  4  2  9  6 10  8 11 12 14]
 [13 12 11  1  4 14 16  9 10  5  8  7  6 15  3  2]
 [16  9  7  2  8  3 13  5  6 11 15  1 14 12  4 10]
 [ 8  5  4 10  6 11  2 15 12  3 14 13  1 16  9  7]
 [ 3  6 14 15 12 10  1  7  4  2 16  9  5  8 13 11]
 [10 14  2  3  7  8  6  1 11 15 12  4 16  9  5 13]
 [ 9  1  6 16  2 15  5 13  3  7 10  8 11  4 14 12]
 [ 7  8  5 11 14  4 12 10 13 16  9  2  3  1  6 15]
 [ 4 15 12 13  3  9 11 16  1 14  5  6 10  2  7  8]]

[[ 1  2  3  4  5  6  7  8  9 10 11 12 13 14 15 16]
 [ 6 16  9  8 13 12 15 11  1  4  5 14  7 10  3  2]
 [11  5 15 10  9  2  4 14  7  3 13 16 12  6  8  1]
 [14 13 12  7 16  1 10  3  8  6  2 15  9  5 11  4]
 [ 5  3  8 14 10  7  9 12 15 11  4  1  2 13 16  6]
 [ 2 11  1  9 15 16  8  6 14 12  7 13  4  3 10  5]
 [12  4 10  6 11 13 14  2 16  8  3  5 15  7  1  9]
 [15  7 16 13  1  5  3  4  2  9  6 10  8 11 12 14]
 [13 12 11  1 14  4 16  9 10  5  8  3  6 15  2  7]
 [16  9  7  2  8  3  5 13  6  1 15 11 14 12  4 10]
 [ 8 10  4  5  6 11  2 15 12 13 14  7  1 16  9  3]
 [ 3  6 14 15 12 10  1  7  4  2 16  9  5  8 13 11]
 [10 14  2  3  7  8  6  1 11 15 12  4 16  9  5 13]
 [ 9  1  6 16  2 15 13  5  3  7 10  8 11  4 14 12]
 [ 7 15  5 11  4 14 12 10 13 16  9  2  3  1  6  8]
 [ 4  8 13 12  3  9 11 16  5 14  1  6 10  2  7 15]]

[[ 1  2  3  4  5  6  7  8  9 10 11 12 13 14 15 16]
 [ 6 16  9  8 13 12 15 11  5  1  4 14  7 10  2  3]
 [11  5 15 10  9  2  4 14  7 13  3 16 12  6  8  1]
 [14  7 13 12 16  1 10  3  8  6  2 15  9  5 11  4]
 [ 5  3  8 14 10  7  9 12 15  4  1 11  2 13 16  6]
 [ 2 11  1  9 15 16  8  6 14 12 13  3  4  7 10  5]
 [12  4 10  6 11 13 14  2 16  8  7  5 15  3  1  9]
 [15 13 16  7  1  5  3  4  2  9  6 10  8 11 12 14]
 [13 12 11  1  4 14 16  9 10  5  8  7  3 15  6  2]
 [16  9  7  2  8  3 13  5  6 11 15  1 14 12  4 10]
 [ 8 10  4  5  6 11  2 15 12  3 14 13  1 16  9  7]
 [ 3  6 14 15 12 10  1  7  4  2 16  9  5  8 13 11]
 [10 14  2  3  7  8  6  1 11 15 12  4 16  9  5 13]
 [ 9  1  6 16  2 15  5 13  3  7 10  8 11  4 14 12]
 [ 7  8  5 11 14  4 12 10 13 16  9  2  6  1  3 15]
 [ 4 15 12 13  3  9 11 16  1 14  5  6 10  2  7  8]]

[[ 1  2  3  4  5  6  7  8  9 10 11 12 13 14 15 16]
 [ 6 16  9  8 13 12 15 11  1  4  5 14  7 10  3  2]
 [11  5 15 10  9  2  4 14  7  3 13 16 12  6  8  1]
 [14 13 12  7 16  1 10  3  8  6  2 15  9  5 11  4]
 [ 5  3  8 14 10  7  9 12 15 11  4  1  2 13 16  6]
 [ 2 11  1  9 15 16  8  6 14 12  7 13  4  3 10  5]
 [12  4 10  6 11 13 14  2 16  8  3  5 15  7  1  9]
 [15  7 16 13  1  5  3  4  2  9  6 10  8 11 14 12]
 [13 12 11  1  4 14 16  9 10  5  8  3  6 15  2  7]
 [16  9  7  2  8  3  5 13  6  1 15 11 14 12  4 10]
 [ 8 10  4  5  6 11  2 15 12 13 14  7  1 16  9  3]
 [ 3  6 14 15 12 10  1  7  4  2 16  9  5  8 13 11]
 [10 14  2  3  7  8  6  1 11 15 12  4 16  9  5 13]
 [ 9  1  6 16  2 15 13  5  3  7 10  8 11  4 12 14]
 [ 7 15  5 11 14  4 12 10 13 16  9  2  3  1  6  8]
 [ 4  8 13 12  3  9 11 16  5 14  1  6 10  2  7 15]]

[[ 1  2  3  4  5  6  7  8  9 10 11 12 13 14 15 16]
 [ 6 16  9  8 13 12 15 11  1  4  5 14  7 10  3  2]
 [11  5 15 10  9  2  4 14  7  3 13 16 12  6  8  1]
 [14 13 12  7 16  1 10  3  8  6  2 15  9  5 11  4]
 [ 5  3  8 14 10  7  9 12 15 11  4  1  2 13 16  6]
 [ 2 11  1  9 15 16  8  6 14 12  7 13  4  3 10  5]
 [12  4 10  6 11 13 14  2 16  8  3  5 15  7  1  9]
 [15  7 16 13  1  5  3  4  2  9  6 10  8 11 12 14]
 [13 12 11  1 14 10 16  9  4  5  8  3  6 15  2  7]
 [16  9  7  2  8  3  5 13  6  1 15 11 14 12  4 10]
 [ 8 10  4  5  6 11  2 15 12 13 14  7  1 16  9  3]
 [ 3  6 14 15 12  4  1  7 10  2 16  9  5  8 13 11]
 [10 14  2  3  7  8  6  1 11 15 12  4 16  9  5 13]
 [ 9  1  6 16  2 15 13  5  3  7 10  8 11  4 14 12]
 [ 7 15  5 11  4 14 12 10 13 16  9  2  3  1  6  8]
 [ 4  8 13 12  3  9 11 16  5 14  1  6 10  2  7 15]]

[[ 1  2  3  4  5  6  7  8  9 10 11 12 13 14 15 16]
 [ 6 16  9  8 13 12 15 11  5  1  4 14  7 10  2  3]
 [11 10 15  5  9  2  4 14  7 13  3 16  8  6 12  1]
 [14  7 13 12 16  1 10  3  8  6  2 15  9  5 11  4]
 [ 5  3  8 14 10  7  9 12 15  4  1 11  2 13 16  6]
 [ 2 11  1  9 15 16  8  6 14 12 13  3  4  7 10  5]
 [12  4 10  6 11 13 14  2 16  8  7  5 15  3  1  9]
 [15 13 16  7  1  5  3  4  2  9  6 10 12 11  8 14]
 [13 12 11  1  4 14 16  9 10  5  8  7  6 15  3  2]
 [16  9  7  2  8  3 13  5  6 11 15  1 14 12  4 10]
 [ 8  5  4 10  6 11  2 15 12  3 14 13  1 16  9  7]
 [ 3  6 14 15 12 10  1  7  4  2 16  9  5  8 13 11]
 [10 14  2  3  7  8  6  1 11 15 12  4 16  9  5 13]
 [ 9  1  6 16  2 15  5 13  3  7 10  8 11  4 14 12]
 [ 7  8  5 11 14  4 12 10 13 16  9  2  3  1  6 15]
 [ 4 15 12 13  3  9 11 16  1 14  5  6 10  2  7  8]]

[[ 1  2  3  4  5  6  7  8  9 10 11 12 13 14 15 16]
 [ 6 16  9  8 13 12 15 11  5  1  4 14  7 10  2  3]
 [11  5 15 10  9  2  4 14  7 13  3 16 12  6  8  1]
 [14  7 13 12 16  1 10  3  8  6  2 15  9  5 11  4]
 [ 5  3  8 14 10  7  9 12 15  4  1 11  2 13 16  6]
 [ 2 11  1  9 15 16  8  6 14 12 13  3  4  7 10  5]
 [12  4 10  6 11 13 14  2 16  8  7  5 15  1  3  9]
 [15 13 16  7  1  5  3  4  2  9  6 10  8 11 12 14]
 [13 12 11  1  4 14 16  9 10  5  8  7  3 15  6  2]
 [16  9  7  2  8  3 13  5  6 11 15  1 14 12  4 10]
 [ 8 10  4  5  6 11  2 15 12  3 14 13  1 16  9  7]
 [ 3  6 14 15 12 10  1  7  4  2 16  9  5  8 13 11]
 [10 14  2  3  7  8  6  1 11 15 12  4 16  9  5 13]
 [ 9  1  6 16  2 15  5 13  3  7 10  8 11  4 14 12]
 [ 7  8  5 11 14  4 12 10 13 16  9  2  6  3  1 15]
 [ 4 15 12 13  3  9 11 16  1 14  5  6 10  2  7  8]]

[[ 1  2  3  4  5  6  7  8  9 10 11 12 13 14 15 16]
 [ 6 16  9  8 13 12 15 11  5  1  4 14  7 10  2  3]
 [11  5 15 10  9  2  4 14  7 13  3 16 12  6  8  1]
 [14  7 12 13 16  1 10  3  8  6  2 15  9  5 11  4]
 [ 5  3  8 14 10  7  9 12 15  4  1 11  2 13 16  6]
 [ 2 11  1  9 15 16  8  6 14 12 13  3  4  7 10  5]
 [12  4 10  6 11 13 14  2 16  8  7  5 15  3  1  9]
 [15 13 16  7  1  5  3  4  2  9  6 10  8 11 12 14]
 [13 12 11  1  4 14 16  9 10  5  8  7  6 15  3  2]
 [16  9  7  2  8  3 13  5  1 11 15  6 14 12  4 10]
 [ 8 10  4  5  6 11  2 15 12  3 14 13  1 16  9  7]
 [ 3  6 14 15 12 10  1  7  4  2 16  9  5  8 13 11]
 [10 14  2  3  7  8  6  1 11 15 12  4 16  9  5 13]
 [ 9  1  6 16  2 15  5 13  3  7 10  8 11  4 14 12]
 [ 7  8  5 11 14  4 12 10 13 16  9  2  3  1  6 15]
 [ 4 15 13 12  3  9 11 16  6 14  5  1 10  2  7  8]]

[[ 1  2  3  4  5  6  7  8  9 10 11 12 13 14 15 16]
 [ 6 16  9  8 13 12 15 11  5  4  1 14  7 10  2  3]
 [11 10 15  5  9  2  4 14  7 13  3 16  8  6 12  1]
 [14  7 13 12 16  1 10  3  8  6  2 15  9  5 11  4]
 [ 5  3  8 14 10  7  9 12 15  1  4 11  2 13 16  6]
 [ 2 11  1  9 15 16  8  6 14 12 13  3  4  7 10  5]
 [12  4 10  6 11 13 14  2 16  8  7  5 15  3  1  9]
 [15 13 16  7  1  5  3  4  2  9  6 10 12 11  8 14]
 [13 12 11  1  4 14 16  9 10  5  8  7  6 15  3  2]
 [16  9  7  2  8  3 13  5  6 11 15  1 14 12  4 10]
 [ 8  5  4 10  6 11  2 15 12  3 14 13  1 16  9  7]
 [ 3  6 14 15 12 10  1  7  4  2 16  9  5  8 13 11]
 [10 14  2  3  7  8  6  1 11 15 12  4 16  9  5 13]
 [ 9  1  6 16  2 15  5 13  3  7 10  8 11  4 14 12]
 [ 7  8  5 11 14  4 12 10 13 16  9  2  3  1  6 15]
 [ 4 15 12 13  3  9 11 16  1 14  5  6 10  2  7  8]]

[[ 1  2  3  4  5  6  7  8  9 10 11 12 13 14 15 16]
 [ 6 16  9  8 13 12 15 11  5  1  4 14  7 10  2  3]
 [11 10 15  5  9  2  4 14  7 13  3 16 12  6  8  1]
 [14  7 13 12 16  1 10  3  8  6  2 15  9  5 11  4]
 [ 5  3  8 14 10  7  9 12 15  4  1 11  2 13 16  6]
 [ 2 11  1  9  6 16  8 15 14 12 13  3  4  7 10  5]
 [12  4 10  6 11 13 14  2 16  8  7  5 15  3  1  9]
 [15 13 16  7  1  5  3  4  2  9  6 10  8 11 12 14]
 [13 12 11  1  4 14 16  9 10  5  8  7  6 15  3  2]
 [16  9  7  2  8  3 13  5  6 11 15  1 14 12  4 10]
 [ 8  5  4 10 15 11  2  6 12  3 14 13  1 16  9  7]
 [ 3  6 14 15 12 10  1  7  4  2 16  9  5  8 13 11]
 [10 14  2  3  7  8  6  1 11 15 12  4 16  9  5 13]
 [ 9  1  6 16  2 15  5 13  3  7 10  8 11  4 14 12]
 [ 7  8  5 11 14  4 12 10 13 16  9  2  3  1  6 15]
 [ 4 15 12 13  3  9 11 16  1 14  5  6 10  2  7  8]]

[[ 1  2  3  4  5  6  7  8  9 10 11 12 13 14 15 16]
 [ 6 16  9  8 13 12 15 11  5  1  4 14  7 10  2  3]
 [11  5 15 10  9  2  4 14  7 13  3 16  8  6 12  1]
 [14  7 13 12 16  1 10  3  8  6  2 15  9  5 11  4]
 [ 5  3  8 14 10  7  9 12 15  4  1 11  2 13 16  6]
 [ 2 11  1  9 15 16  8  6 14 12 13  3  4  7 10  5]
 [12  4 10  6 11 13 14  2 16  8  7  5 15  3  1  9]
 [15 13 16  7  1  5  3  4  2  9  6 10 12 11  8 14]
 [13 12 11  1  4 14 16  9 10  5  8  7  3 15  6  2]
 [16  9  7  2  8  3 13  5  6 11 15  1 14 12  4 10]
 [ 8 10  4  5  6 11  2 15 12  3 14 13  1 16  9  7]
 [ 3  6 14 15 12 10  1  7  4  2 16  9  5  8 13 11]
 [10 14  2  3  7  8  6  1 11 15 12  4 16  9  5 13]
 [ 9  1  6 16  2 15  5 13  3  7 10  8 11  4 14 12]
 [ 7  8  5 11 14  4 12 10 13 16  9  2  6  1  3 15]
 [ 4 15 12 13  3  9 11 16  1 14  5  6 10  2  7  8]]

[[ 1  2  3  4  5  6  7  8  9 10 11 12 13 14 15 16]
 [ 6 16  9  8 13  2 15 11  5  4  1 14  7 10 12  3]
 [11 10 15  5  9 12  4 14  7 13  3 16  8  6  2  1]
 [14  7 13 12 16  1 10  3  8  6  2 15  9  5 11  4]
 [ 5  3  8 14 10  7  9 12 15  1  4 11  2 13 16  6]
 [ 2 11  1  9 15 16  8  6 14 12 13  3  4  7 10  5]
 [12  4 10  6 11 13 14  2 16  8  7  5 15  3  1  9]
 [15 13 16  7  1  5  3  4  2  9  6 10 12 11  8 14]
 [13 12 11  1  4 14 16  9 10  5  8  7  6 15  3  2]
 [16  9  7  2  8  3 13  5  6 11 15  1 14 12  4 10]
 [ 8  5  4 10  6 11  2 15 12  3 14 13  1 16  9  7]
 [ 3  6 14 15 12 10  1  7  4  2 16  9  5  8 13 11]
 [10 14  2  3  7  8  6  1 11 15 12  4 16  9  5 13]
 [ 9  1  6 16  2 15  5 13  3  7 10  8 11  4 14 12]
 [ 7  8  5 11 14  4 12 10 13 16  9  2  3  1  6 15]
 [ 4 15 12 13  3  9 11 16  1 14  5  6 10  2  7  8]]

[[ 1  2  3  4  5  6  7  8  9 10 11 12 13 14 15 16]
 [ 6 16  9  8 13 12 15 11  1  4  5 14  7 10  3  2]
 [11  5 15 10  9  2  4 14  7  3 13 16 12  6  8  1]
 [14 13 12  7 16  1 10  3  8  6  2 15  9  5 11  4]
 [ 5  3  8 14 10  7  9 12 15  1  4 11  2 13 16  6]
 [ 2 11  1  9 15 16  8  6 14 12  7 13  4  3 10  5]
 [12  4 10  6 11 13 14  2 16  8  3  5 15  7  1  9]
 [15  7 16 13  1  5  3  4  2  9  6 10  8 11 12 14]
 [13 12 11  1 14  4 16  9 10  5  8  3  6 15  2  7]
 [16  9  7  2  8  3  5 13  6 11 15  1 14 12  4 10]
 [ 8 10  4  5  6 11  2 15 12 13 14  7  1 16  9  3]
 [ 3  6 14 15 12 10  1  7  4  2 16  9  5  8 13 11]
 [10 14  2  3  7  8  6  1 11 15 12  4 16  9  5 13]
 [ 9  1  6 16  2 15 13  5  3  7 10  8 11  4 14 12]
 [ 7 15  5 11  4 14 12 10 13 16  9  2  3  1  6  8]
 [ 4  8 13 12  3  9 11 16  5 14  1  6 10  2  7 15]]

[[ 1  2  3  4  5  6  7  8  9 10 11 12 13 14 15 16]
 [ 6 16  9  8 13 12 15 11  5  4  1 14  7 10  2  3]
 [11 10 15  5  9  2  4 14  7 13  3 16  8  6 12  1]
 [14  7 13 12  3  1 10 16  8  6  2 15  9  5 11  4]
 [ 5  3  8 14 10  7  9 12 15  1  4 11  2 13 16  6]
 [ 2 11  1  9 15 16  8  6 14 12 13  3  4  7 10  5]
 [12  4 10  6 11 13 14  2 16  8  7  5 15  3  1  9]
 [15 13 16  7  1  5  3  4  2  9  6 10 12 11  8 14]
 [13 12 11  1  4 14 16  9 10  5  8  7  6 15  3  2]
 [16  9  7  2  8  3 13  5  6 11 15  1 14 12  4 10]
 [ 8  5  4 10  6 11  2 15 12  3 14 13  1 16  9  7]
 [ 3  6 14 15 12 10  1  7  4  2 16  9  5  8 13 11]
 [10 14  2  3  7  8  6  1 11 15 12  4 16  9  5 13]
 [ 9  1  6 16  2 15  5 13  3  7 10  8 11  4 14 12]
 [ 7  8  5 11 14  4 12 10 13 16  9  2  3  1  6 15]
 [ 4 15 12 13 16  9 11  3  1 14  5  6 10  2  7  8]]

[[ 1  2  3  4  5  6  7  8  9 10 11 12 13 14 15 16]
 [ 6 16  9  8 13 12 15 11  5  4  1 14  7 10  2  3]
 [11 10 15  5  9  2  4 14  7 13  3 16  8  6 12  1]
 [14  7 13 12 16  1 10  3  8  6  2 15  9  5 11  4]
 [ 5  3  8 14 10  7  9 12 15 11  4  1  2 13 16  6]
 [ 2 11  1  9 15 16  8  6 14 12 13  3  4  7 10  5]
 [12  4 10  6 11 13 14  2 16  8  7  5 15  3  1  9]
 [15 13 16  7  1  5  3  4  2  9  6 10 12 11  8 14]
 [13 12 11  1  4 14 16  9 10  5  8  7  6 15  3  2]
 [16  9  7  2  8  3 13  5  6  1 15 11 14 12  4 10]
 [ 8  5  4 10  6 11  2 15 12  3 14 13  1 16  9  7]
 [ 3  6 14 15 12 10  1  7  4  2 16  9  5  8 13 11]
 [10 14  2  3  7  8  6  1 11 15 12  4 16  9  5 13]
 [ 9  1  6 16  2 15  5 13  3  7 10  8 11  4 14 12]
 [ 7  8  5 11 14  4 12 10 13 16  9  2  3  1  6 15]
 [ 4 15 12 13  3  9 11 16  1 14  5  6 10  2  7  8]]

[[ 1  2  3  4  5  6  7  8  9 10 11 12 13 14 15 16]
 [ 6 16  9  8 13 12 15 11  5  4  1 14  7 10  2  3]
 [11  5 15 10  9  2  4 14  7 13  3 16  8  6 12  1]
 [14  7 13 12 16  1 10  3  8  6  2 15  9  5 11  4]
 [ 5  3  8 14 10  7  9 12 15  1  4 11  2 13 16  6]
 [ 2 11  1  9 15 16  8  6 14 12 13  3  4  7 10  5]
 [12  4 10  6 11 13 14  2 16  8  7  5 15  3  1  9]
 [15 13 16  7  1  5  3  4  2  9  6 10 12 11  8 14]
 [13 12 11  1  4 14 16  9 10  5  8  7  6 15  3  2]
 [16  9  7  2  8  3 13  5  6 11 15  1 14 12  4 10]
 [ 8 10  4  5  6 11  2 15 12  3 14 13  1 16  9  7]
 [ 3  6 14 15 12 10  1  7  4  2 16  9  5  8 13 11]
 [10 14  2  3  7  8  6  1 11 15 12  4 16  9  5 13]
 [ 9  1  6 16  2 15  5 13  3  7 10  8 11  4 14 12]
 [ 7  8  5 11 14  4 12 10 13 16  9  2  3  1  6 15]
 [ 4 15 12 13  3  9 11 16  1 14  5  6 10  2  7  8]]

[[ 1  2  3  4  5  6  7  8  9 10 11 12 13 14 15 16]
 [ 6 16  9  8 13 12 15 11  5  4  1 14  7 10  2  3]
 [11 10 15  5  9  2  4 14  7 13  3 16 12  6  8  1]
 [14  7 13 12  3  1 10 16  8  6  2 15  9  5 11  4]
 [ 5  3  8 14 10  7  9 12 15  1  4 11  2 13 16  6]
 [ 2 11  1  9 15 16  8  6 14 12 13  3  4  7 10  5]
 [12  4 10  6 11 13 14  2 16  8  7  5 15  3  1  9]
 [15 13 16  7  1  5  3  4  2  9  6 10  8 11 12 14]
 [13 12 11  1  4 14 16  9 10  5  8  7  6 15  3  2]
 [16  9  7  2  8  3 13  5  6 11 15  1 14 12  4 10]
 [ 8  5  4 10  6 11  2 15 12  3 14 13  1 16  9  7]
 [ 3  6 14 15 12 10  1  7  4  2 16  9  5  8 13 11]
 [10 14  2  3  7  8  6  1 11 15 12  4 16  9  5 13]
 [ 9  1  6 16  2 15  5 13  3  7 10  8 11  4 14 12]
 [ 7  8  5 11 14  4 12 10 13 16  9  2  3  1  6 15]
 [ 4 15 12 13 16  9 11  3  1 14  5  6 10  2  7  8]]

[[ 1  2  3  4  5  6  7  8  9 10 11 12 13 14 15 16]
 [ 6 16  9  8 13 12 15 11  5  4  1 14  7 10  2  3]
 [11  5 15 10  9  2  4 14  7 13  3 16  8  6 12  1]
 [14  7 13 12  3  1 10 16  8  6  2 15  9  5 11  4]
 [ 5  3  8 14 10  7  9 12 15  1  4 11  2 13 16  6]
 [ 2 11  1  9 15 16  8  6 14 12 13  3  4  7 10  5]
 [12  4 10  6 11 13 14  2 16  8  7  5 15  3  1  9]
 [15 13 16  7  1  5  3  4  2  9  6 10 12 11  8 14]
 [13 12 11  1  4 14 16  9 10  5  8  7  6 15  3  2]
 [16  9  7  2  8  3 13  5  6 11 15  1 14 12  4 10]
 [ 8 10  4  5  6 11  2 15 12  3 14 13  1 16  9  7]
 [ 3  6 14 15 12 10  1  7  4  2 16  9  5  8 13 11]
 [10 14  2  3  7  8  6  1 11 15 12  4 16  9  5 13]
 [ 9  1  6 16  2 15  5 13  3  7 10  8 11  4 14 12]
 [ 7  8  5 11 14  4 12 10 13 16  9  2  3  1  6 15]
 [ 4 15 12 13 16  9 11  3  1 14  5  6 10  2  7  8]]

[[ 1  2  3  4  5  6  7  8  9 10 11 12 13 14 15 16]
 [ 6 16  9  8 13 12 15 11  5  1  4 14  7 10  2  3]
 [11  5 15 10  9  2  4 14  7 13  3 16 12  6  8  1]
 [14  7 13 12 16  1 10  3  8  6  2 15  9  5 11  4]
 [ 5  3  8 14 10  7  9 12 15  4  1 11  2 13 16  6]
 [ 2 11  1  9  6 16  8 15 14 12 13  3  4  7 10  5]
 [12  4 10  6 11 13 14  2 16  8  7  5 15  3  1  9]
 [15 13 16  7  1  5  3  4  2  9  6 10  8 11 12 14]
 [13 12 11  1  4 14 16  9 10  5  8  7  3 15  6  2]
 [16  9  7  2  8  3 13  5  6 11 15  1 14 12  4 10]
 [ 8 10  4  5 15 11  2  6 12  3 14 13  1 16  9  7]
 [ 3  6 14 15 12 10  1  7  4  2 16  9  5  8 13 11]
 [10 14  2  3  7  8  6  1 11 15 12  4 16  9  5 13]
 [ 9  1  6 16  2 15  5 13  3  7 10  8 11  4 14 12]
 [ 7  8  5 11 14  4 12 10 13 16  9  2  6  1  3 15]
 [ 4 15 12 13  3  9 11 16  1 14  5  6 10  2  7  8]]

[[ 1  2  3  4  5  6  7  8  9 10 11 12 13 14 15 16]
 [ 6 16  9  8 13  2 15 11  5  4  1 14  7 10 12  3]
 [11  5 15 10  9 12  4 14  7 13  3 16  8  6  2  1]
 [14  7 13 12 16  1 10  3  8  6  2 15  9  5 11  4]
 [ 5  3  8 14 10  7  9 12 15  1  4 11  2 13 16  6]
 [ 2 11  1  9 15 16  8  6 14 12 13  3  4  7 10  5]
 [12  4 10  6 11 13 14  2 16  8  7  5 15  3  1  9]
 [15 13 16  7  1  5  3  4  2  9  6 10 12 11  8 14]
 [13 12 11  1  4 14 16  9 10  5  8  7  6 15  3  2]
 [16  9  7  2  8  3 13  5  6 11 15  1 14 12  4 10]
 [ 8 10  4  5  6 11  2 15 12  3 14 13  1 16  9  7]
 [ 3  6 14 15 12 10  1  7  4  2 16  9  5  8 13 11]
 [10 14  2  3  7  8  6  1 11 15 12  4 16  9  5 13]
 [ 9  1  6 16  2 15  5 13  3  7 10  8 11  4 14 12]
 [ 7  8  5 11 14  4 12 10 13 16  9  2  3  1  6 15]
 [ 4 15 12 13  3  9 11 16  1 14  5  6 10  2  7  8]]

[[ 1  2  3  4  5  6  7  8  9 10 11 12 13 14 15 16]
 [ 6 16  9  8 13 12 15 11  5  4  1 14  7 10  2  3]
 [11  5 15 10  9  2  4 14  7 13  3 16  8  6 12  1]
 [14  7 12 13 16  1 10  3  8  6  2 15  9  5 11  4]
 [ 5  3  8 14 10  7  9 12 15  1  4 11  2 13 16  6]
 [ 2 11  1  9 15 16  8  6 14 12 13  3  4  7 10  5]
 [12  4 10  6 11 13 14  2 16  8  7  5 15  3  1  9]
 [15 13 16  7  1  5  3  4  2  9  6 10 12 11  8 14]
 [13 12 11  1  4 14 16  9 10  5  8  7  6 15  3  2]
 [16  9  7  2  8  3 13  5  6 11 15  1 14 12  4 10]
 [ 8 10  4  5  6 11  2 15 12  3 14 13  1 16  9  7]
 [ 3  6 14 15 12 10  1  7  4  2 16  9  5  8 13 11]
 [10 14  2  3  7  8  6  1 11 15 12  4 16  9  5 13]
 [ 9  1  6 16  2 15  5 13  3  7 10  8 11  4 14 12]
 [ 7  8  5 11 14  4 12 10 13 16  9  2  3  1  6 15]
 [ 4 15 13 12  3  9 11 16  1 14  5  6 10  2  7  8]]

[[ 1  2  3  4  5  6  7  8  9 10 11 12 13 14 15 16]
 [ 9 16  6  8 13 12 15 11  5  1  4 14  7 10  2  3]
 [11  5 15 10  9  2  4 14  7 13  3 16 12  6  8  1]
 [14  7 13 12 16  1 10  3  8  6  2 15  9  5 11  4]
 [ 5  3  8 14 10  7  9 12 15  4  1 11  2 13 16  6]
 [ 2 11  1  9 15 16  8  6 14 12 13  3  4  7 10  5]
 [12  4 10  6 11 13 14  2 16  8  7  5 15  3  1  9]
 [15 13 16  7  1  5  3  4  2  9  6 10  8 11 12 14]
 [13 12 11  1  4 14 16  9 10  5  8  7  3 15  6  2]
 [16  9  7  2  8  3 13  5  6 11 15  1 14 12  4 10]
 [ 8 10  4  5  6 11  2 15 12  3 14 13  1 16  9  7]
 [ 3  6 14 15 12 10  1  7  4  2 16  9  5  8 13 11]
 [10 14  2  3  7  8  6  1 11 15 12  4 16  9  5 13]
 [ 6  1  9 16  2 15  5 13  3  7 10  8 11  4 14 12]
 [ 7  8  5 11 14  4 12 10 13 16  9  2  6  1  3 15]
 [ 4 15 12 13  3  9 11 16  1 14  5  6 10  2  7  8]]

[[ 1  2  3  4  5  6  7  8  9 10 11 12 13 14 15 16]
 [ 6 16  9  8 13 12 15 11  5  1  4 14  7 10  2  3]
 [11 10 15  5  9  2  4 14  7 13  3 16 12  6  8  1]
 [14  7 13 12 16  1 10  3  8  6  2 15  9  5 11  4]
 [ 5  3  8 14 10  7  9 12 15  4  1 11  2 13 16  6]
 [ 2 11  1  9  6 16  8 15 14 12 13  3  4  7 10  5]
 [12  4 10  6 11 13 14  2 16  8  7  5 15  3  1  9]
 [15 13 16  7  1  5  3  4  2  9  6 10  8 11 12 14]
 [13 12 11  1  4 14 16  9 10  5  8  7  6 15  3  2]
 [16  9  7  2  8  3 13  5  1 11 15  6 14 12  4 10]
 [ 8  5  4 10 15 11  2  6 12  3 14 13  1 16  9  7]
 [ 3  6 14 15 12 10  1  7  4  2 16  9  5  8 13 11]
 [10 14  2  3  7  8  6  1 11 15 12  4 16  9  5 13]
 [ 9  1  6 16  2 15  5 13  3  7 10  8 11  4 14 12]
 [ 7  8  5 11 14  4 12 10 13 16  9  2  3  1  6 15]
 [ 4 15 12 13  3  9 11 16  6 14  5  1 10  2  7  8]]

[[ 1  2  3  4  5  6  7  8  9 10 11 12 13 14 15 16]
 [ 6 16  9  8 13 12 15 11  5  4  1 14  7 10  2  3]
 [11 10 15  5  9  2  4 14  7 13  3 16  8  6 12  1]
 [14  7 13 12 16  1 10  3  8  6  2 15  9  5 11  4]
 [ 5  3  8 14 10  7  9 12 15  1  4 11  2 13 16  6]
 [ 2 11  1  9 15 16  8  6 14 12 13  3  4  7 10  5]
 [12  4 10  6 11 13 14  2 16  8  7  5 15  3  1  9]
 [15 13 16  7  1  5  3  4  2  9  6 10 12 11  8 14]
 [13 12 11  1  4 14 16  9 10  5  8  7  6 15  3  2]
 [16  9  7  2  8  3  5 13  6 11 15  1 14 12  4 10]
 [ 8  5  4 10  6 11  2 15 12  3 14 13  1 16  9  7]
 [ 3  6 14 15 12 10  1  7  4  2 16  9  5  8 13 11]
 [10 14  2  3  7  8  6  1 11 15 12  4 16  9  5 13]
 [ 9  1  6 16  2 15 13  5  3  7 10  8 11  4 14 12]
 [ 7  8  5 11 14  4 12 10 13 16  9  2  3  1  6 15]
 [ 4 15 12 13  3  9 11 16  1 14  5  6 10  2  7  8]]

[[ 1  2  3  4  5  6  7  8  9 10 11 12 13 14 15 16]
 [ 6 16  9  8 13 12 15 11  5  1  4 14  7 10  2  3]
 [11  5 15 10  9  2  4 14  7 13  3 16  8  6 12  1]
 [14  7 13 12 16  1 10  3  8  6  2 15  9  5 11  4]
 [ 5  3  8 14 10  7  9 12 15  4  1 11  2 13 16  6]
 [ 2 11  1  9  6 16  8 15 14 12 13  3  4  7 10  5]
 [12  4 10  6 11 13 14  2 16  8  7  5 15  3  1  9]
 [15 13 16  7  1  5  3  4  2  9  6 10 12 11  8 14]
 [13 12 11  1  4 14 16  9 10  5  8  7  3 15  6  2]
 [16  9  7  2  8  3 13  5  6 11 15  1 14 12  4 10]
 [ 8 10  4  5 15 11  2  6 12  3 14 13  1 16  9  7]
 [ 3  6 14 15 12 10  1  7  4  2 16  9  5  8 13 11]
 [10 14  2  3  7  8  6  1 11 15 12  4 16  9  5 13]
 [ 9  1  6 16  2 15  5 13  3  7 10  8 11  4 14 12]
 [ 7  8  5 11 14  4 12 10 13 16  9  2  6  1  3 15]
 [ 4 15 12 13  3  9 11 16  1 14  5  6 10  2  7  8]]

[[ 1  2  3  4  5  6  7  8  9 10 11 12 13 14 15 16]
 [ 6 16  9  8 13 12 15 11  5  1  4 14  7 10  2  3]
 [11  5 15 10  9  2  4 14  7 13  3 16  8  6 12  1]
 [14  7 13 12 16  1 10  3  8  6  2 15  9  5 11  4]
 [ 5  3  8 14 10  7  9 12 15  4  1 11  2 13 16  6]
 [ 2 11  1  9 15 16  8  6 14 12 13  3  4  7 10  5]
 [12  4 10  6 11 13 14  2 16  8  7  5 15  3  1  9]
 [15 13 16  7  1  5  3  4  2  9  6 10 12 11  8 14]
 [13 12 11  1  4 14 16  9 10  5  8  7  3 15  6  2]
 [16  9  7  2  8  3 13  5  1 11 15  6 14 12  4 10]
 [ 8 10  4  5  6 11  2 15 12  3 14 13  1 16  9  7]
 [ 3  6 14 15 12 10  1  7  4  2 16  9  5  8 13 11]
 [10 14  2  3  7  8  6  1 11 15 12  4 16  9  5 13]
 [ 9  1  6 16  2 15  5 13  3  7 10  8 11  4 14 12]
 [ 7  8  5 11 14  4 12 10 13 16  9  2  6  1  3 15]
 [ 4 15 12 13  3  9 11 16  6 14  5  1 10  2  7  8]]

