
Generation 0
Best ind: 
[[8 6 2 3 4 1 5 9 7]
 [9 1 4 7 3 5 6 2 8]
 [4 3 6 8 9 5 2 1 7]
 [5 4 9 2 1 8 7 3 6]
 [8 5 1 6 3 7 4 2 9]
 [8 3 6 9 7 4 2 1 5]
 [2 7 1 5 8 3 9 6 4]
 [3 8 4 9 7 2 1 6 5]
 [9 6 7 4 5 1 8 3 2]]
Fitness: 2.941176470588235

Generation 1
Best ind: 
[[7 6 2 3 8 4 5 9 1]
 [3 1 8 7 4 5 6 2 9]
 [4 2 5 1 9 6 8 3 7]
 [5 4 9 2 6 1 7 3 8]
 [8 6 1 2 3 7 4 5 9]
 [4 3 6 9 5 8 2 1 7]
 [2 6 3 5 8 1 9 7 4]
 [1 8 4 9 7 2 3 6 5]
 [9 5 7 6 3 1 8 4 2]]
Fitness: 4.3478260869565215

Generation 2
Best ind: 
[[9 7 2 3 6 4 5 8 1]
 [3 1 4 7 8 5 9 2 6]
 [4 5 8 1 9 6 3 2 7]
 [6 4 9 5 2 1 7 3 8]
 [8 6 1 2 3 5 4 7 9]
 [7 3 6 8 9 4 2 1 5]
 [2 9 3 6 8 7 1 5 4]
 [1 8 5 9 4 2 7 6 3]
 [4 6 7 1 5 3 8 9 2]]
Fitness: 5.555555555555555

Generation 3
Best ind: 
[[9 7 2 6 1 3 5 8 4]
 [6 1 8 7 4 5 9 2 3]
 [4 2 5 8 9 3 1 6 7]
 [5 4 9 2 6 1 7 3 8]
 [8 2 1 5 3 7 4 6 9]
 [7 3 6 4 8 9 2 1 5]
 [2 9 6 3 8 1 7 5 4]
 [5 8 4 9 7 2 3 6 1]
 [3 6 7 1 5 4 8 9 2]]
Fitness: 6.666666666666667

Generation 4
Best ind: 
[[9 7 2 6 1 3 5 8 4]
 [6 1 8 7 4 5 9 2 3]
 [4 2 5 8 9 3 1 6 7]
 [5 4 9 2 6 1 7 3 8]
 [8 2 1 5 3 7 4 6 9]
 [7 3 6 4 8 9 2 1 5]
 [2 9 1 3 8 6 7 5 4]
 [5 8 4 9 7 2 3 6 1]
 [3 6 7 1 5 4 8 9 2]]
Fitness: 8.333333333333332

Generation 5
Best ind: 
[[9 7 2 6 1 3 5 8 4]
 [6 1 8 7 4 5 9 2 3]
 [4 2 5 8 9 3 1 6 7]
 [5 4 9 2 6 1 7 3 8]
 [8 2 1 5 3 7 4 6 9]
 [7 3 6 4 8 9 2 1 5]
 [2 9 1 3 8 6 7 5 4]
 [5 8 4 9 7 2 3 6 1]
 [3 6 7 1 5 4 8 9 2]]
Fitness: 8.333333333333332

Generation 6
Best ind: 
[[9 7 2 6 1 3 5 8 4]
 [6 1 8 7 4 5 9 2 3]
 [4 5 3 8 9 2 1 6 7]
 [5 4 9 2 6 1 7 3 8]
 [8 2 1 5 3 7 4 6 9]
 [7 3 6 4 8 9 2 1 5]
 [2 9 1 3 8 6 7 5 4]
 [5 8 4 9 7 2 3 6 1]
 [3 6 7 1 5 4 8 9 2]]
Fitness: 11.11111111111111

Generation 7
Best ind: 
[[9 7 2 6 1 3 5 8 4]
 [6 1 8 7 4 5 9 2 3]
 [4 5 3 8 9 2 1 6 7]
 [5 4 9 2 6 1 7 3 8]
 [8 2 1 5 3 7 4 6 9]
 [7 3 6 4 8 9 2 1 5]
 [2 9 1 3 8 6 7 5 4]
 [5 8 4 9 7 2 3 6 1]
 [3 6 7 1 5 4 8 9 2]]
Fitness: 11.11111111111111

Generation 8
Best ind: 
[[9 7 2 6 1 3 5 8 4]
 [6 1 8 7 4 5 9 2 3]
 [4 5 3 8 9 2 1 6 7]
 [5 4 9 2 6 1 7 3 8]
 [8 2 1 5 3 7 4 6 9]
 [7 3 6 4 8 9 2 1 5]
 [2 9 1 3 8 6 7 5 4]
 [5 8 4 9 7 2 3 6 1]
 [3 6 7 1 5 4 8 9 2]]
Fitness: 11.11111111111111

Generation 9
Best ind: 
[[9 7 2 6 1 3 5 8 4]
 [6 1 8 7 4 5 9 2 3]
 [4 5 3 8 9 2 1 6 7]
 [5 4 9 2 6 1 7 3 8]
 [8 2 1 5 3 7 4 6 9]
 [7 3 6 4 8 9 2 1 5]
 [2 9 1 3 8 6 7 5 4]
 [5 8 4 9 7 2 3 6 1]
 [3 6 7 1 5 4 8 9 2]]
Fitness: 11.11111111111111

Generation 10
Best ind: 
[[9 7 2 6 1 3 5 8 4]
 [6 1 8 7 4 5 9 2 3]
 [4 5 3 8 9 2 1 6 7]
 [5 4 9 2 6 1 7 3 8]
 [8 2 1 5 3 7 4 6 9]
 [7 3 6 4 8 9 2 1 5]
 [2 9 1 3 8 6 7 5 4]
 [5 8 4 9 7 2 3 6 1]
 [3 6 7 1 5 4 8 9 2]]
Fitness: 11.11111111111111

Generation 11
Best ind: 
[[9 7 2 6 1 3 5 8 4]
 [6 1 8 7 4 5 9 2 3]
 [4 5 3 8 9 2 1 6 7]
 [5 4 9 2 6 1 7 3 8]
 [8 2 1 5 3 7 4 6 9]
 [7 3 6 4 8 9 2 1 5]
 [2 9 1 3 8 6 7 5 4]
 [5 8 4 9 7 2 3 6 1]
 [3 6 7 1 5 4 8 9 2]]
Fitness: 11.11111111111111

Generation 12
Best ind: 
[[9 7 2 6 1 3 5 8 4]
 [6 1 8 7 4 5 9 2 3]
 [4 5 3 8 9 2 1 6 7]
 [5 4 9 2 6 1 7 3 8]
 [8 2 1 5 3 7 4 6 9]
 [7 3 6 4 8 9 2 1 5]
 [2 9 1 3 8 6 7 5 4]
 [5 8 4 9 7 2 3 6 1]
 [3 6 7 1 5 4 8 9 2]]
Fitness: 11.11111111111111

Generation 13
Best ind: 
[[9 7 2 6 1 3 5 8 4]
 [6 1 8 7 4 5 9 2 3]
 [4 5 3 8 9 2 1 6 7]
 [5 4 9 2 6 1 7 3 8]
 [8 2 1 5 3 7 4 6 9]
 [7 3 6 4 8 9 2 1 5]
 [2 9 1 3 8 6 7 5 4]
 [5 8 4 9 7 2 3 6 1]
 [3 6 7 1 5 4 8 9 2]]
Fitness: 11.11111111111111

Generation 14
Best ind: 
[[9 7 2 6 1 3 5 8 4]
 [6 1 8 7 4 5 9 2 3]
 [4 5 3 8 9 2 1 6 7]
 [5 4 9 2 6 1 7 3 8]
 [8 2 1 5 3 7 4 6 9]
 [7 3 6 4 8 9 2 1 5]
 [2 9 1 3 8 6 7 5 4]
 [5 8 4 9 7 2 3 6 1]
 [3 6 7 1 5 4 8 9 2]]
Fitness: 11.11111111111111

Generation 15
Best ind: 
[[9 7 2 6 1 3 5 8 4]
 [6 1 8 7 4 5 9 2 3]
 [4 5 3 8 9 2 1 6 7]
 [5 4 9 2 6 1 7 3 8]
 [8 2 1 5 3 7 4 6 9]
 [7 3 6 4 8 9 2 1 5]
 [2 9 1 3 8 6 7 5 4]
 [5 8 4 9 7 2 3 6 1]
 [3 6 7 1 5 4 8 9 2]]
Fitness: 11.11111111111111

Generation 16
Best ind: 
[[9 7 2 6 1 3 5 8 4]
 [6 1 8 7 4 5 9 2 3]
 [4 5 3 8 9 2 1 6 7]
 [5 4 9 2 6 1 7 3 8]
 [8 2 1 5 3 7 4 6 9]
 [7 3 6 4 8 9 2 1 5]
 [2 9 1 3 8 6 7 5 4]
 [5 8 4 9 7 2 3 6 1]
 [3 6 7 1 5 4 8 9 2]]
Fitness: 11.11111111111111

Generation 17
Best ind: 
[[9 7 2 6 1 3 5 8 4]
 [6 1 8 7 4 5 9 2 3]
 [4 5 3 8 9 2 1 6 7]
 [5 4 9 2 6 1 7 3 8]
 [8 2 1 5 3 7 4 6 9]
 [7 3 6 4 8 9 2 1 5]
 [2 9 1 3 8 6 7 5 4]
 [5 8 4 9 7 2 3 6 1]
 [3 6 7 1 5 4 8 9 2]]
Fitness: 11.11111111111111

Generation 18
Best ind: 
[[9 7 2 6 1 3 5 8 4]
 [6 1 8 7 4 5 9 2 3]
 [4 5 3 8 9 2 1 6 7]
 [5 4 9 2 6 1 7 3 8]
 [8 2 1 5 3 7 4 6 9]
 [7 3 6 4 8 9 2 1 5]
 [2 9 1 3 8 6 7 5 4]
 [5 8 4 9 7 2 3 6 1]
 [3 6 7 1 5 4 8 9 2]]
Fitness: 11.11111111111111

Generation 19
Best ind: 
[[9 7 2 6 1 3 5 8 4]
 [6 1 8 7 4 5 9 2 3]
 [4 5 3 8 9 2 1 6 7]
 [5 4 9 2 6 1 7 3 8]
 [8 2 1 5 3 7 4 6 9]
 [7 3 6 4 8 9 2 1 5]
 [2 9 1 3 8 6 7 5 4]
 [5 8 4 9 7 2 3 6 1]
 [3 6 7 1 5 4 8 9 2]]
Fitness: 11.11111111111111

Generation 20
Best ind: 
[[9 7 2 6 1 3 5 8 4]
 [6 1 8 7 4 5 9 2 3]
 [4 5 3 8 9 2 1 6 7]
 [5 4 9 2 6 1 7 3 8]
 [8 2 1 5 3 7 4 6 9]
 [7 3 6 4 8 9 2 1 5]
 [2 9 1 3 8 6 7 5 4]
 [5 8 4 9 7 2 3 6 1]
 [3 6 7 1 5 4 8 9 2]]
Fitness: 11.11111111111111

Generation 21
Best ind: 
[[9 7 2 6 1 3 5 8 4]
 [6 1 8 7 4 5 9 2 3]
 [4 5 3 8 9 2 1 6 7]
 [5 4 9 2 6 1 7 3 8]
 [8 2 1 5 3 7 4 6 9]
 [7 3 6 4 8 9 2 1 5]
 [2 9 1 3 8 6 7 5 4]
 [5 8 4 9 7 2 3 6 1]
 [3 6 7 1 5 4 8 9 2]]
Fitness: 11.11111111111111

Generation 22
Best ind: 
[[9 7 2 6 1 3 5 8 4]
 [6 1 8 7 4 5 9 2 3]
 [4 5 3 8 9 2 1 6 7]
 [5 4 9 2 6 1 7 3 8]
 [8 2 1 5 3 7 4 6 9]
 [7 3 6 4 8 9 2 1 5]
 [2 9 1 3 8 6 7 5 4]
 [5 8 4 9 7 2 3 6 1]
 [3 6 7 1 5 4 8 9 2]]
Fitness: 11.11111111111111

Generation 23
Best ind: 
[[9 7 2 6 1 3 5 8 4]
 [6 1 8 7 4 5 9 2 3]
 [4 5 3 8 9 2 1 6 7]
 [5 4 9 2 6 1 7 3 8]
 [8 2 1 5 3 7 4 6 9]
 [7 3 6 4 8 9 2 1 5]
 [2 9 1 3 8 6 7 5 4]
 [5 8 4 9 7 2 3 6 1]
 [3 6 7 1 5 4 8 9 2]]
Fitness: 11.11111111111111

Generation 24
Best ind: 
[[9 7 2 6 1 3 5 8 4]
 [6 1 8 7 4 5 9 2 3]
 [4 5 3 8 9 2 1 6 7]
 [5 4 9 2 6 1 7 3 8]
 [8 2 1 5 3 7 4 6 9]
 [7 3 6 4 8 9 2 1 5]
 [2 9 1 3 8 6 7 5 4]
 [5 8 4 9 7 2 3 6 1]
 [3 6 7 1 5 4 8 9 2]]
Fitness: 11.11111111111111

Generation 25
Best ind: 
[[9 7 2 6 1 3 5 8 4]
 [6 1 8 7 4 5 9 2 3]
 [4 5 3 8 9 2 1 6 7]
 [5 4 9 2 6 1 7 3 8]
 [8 2 1 5 3 7 4 6 9]
 [7 3 6 4 8 9 2 1 5]
 [2 9 1 3 8 6 7 5 4]
 [5 8 4 9 7 2 3 6 1]
 [3 6 7 1 5 4 8 9 2]]
Fitness: 11.11111111111111

Generation 26
Best ind: 
[[9 7 2 6 1 3 5 8 4]
 [6 1 8 7 4 5 9 2 3]
 [4 5 3 8 9 2 1 6 7]
 [5 4 9 2 6 1 7 3 8]
 [8 2 1 5 3 7 4 6 9]
 [7 3 6 4 8 9 2 1 5]
 [2 9 1 3 8 6 7 5 4]
 [5 8 4 9 7 2 3 6 1]
 [3 6 7 1 5 4 8 9 2]]
Fitness: 11.11111111111111

Generation 27
Best ind: 
[[9 7 2 6 1 3 5 8 4]
 [6 1 8 7 4 5 9 2 3]
 [4 5 3 8 9 2 1 6 7]
 [5 4 9 2 6 1 7 3 8]
 [8 2 1 5 3 7 4 6 9]
 [7 3 6 4 8 9 2 1 5]
 [2 9 1 3 8 6 7 5 4]
 [5 8 4 9 7 2 3 6 1]
 [3 6 7 1 5 4 8 9 2]]
Fitness: 11.11111111111111

Generation 28
Best ind: 
[[9 7 2 6 1 3 5 8 4]
 [6 1 8 7 4 5 9 2 3]
 [4 5 3 8 9 2 1 6 7]
 [5 4 9 2 6 1 7 3 8]
 [8 2 1 5 3 7 4 6 9]
 [7 3 6 4 8 9 2 1 5]
 [2 9 1 3 8 6 7 5 4]
 [5 8 4 9 7 2 3 6 1]
 [3 6 7 1 5 4 8 9 2]]
Fitness: 11.11111111111111

Generation 29
Best ind: 
[[9 7 2 6 1 3 5 8 4]
 [6 1 8 7 4 5 9 2 3]
 [4 5 3 8 9 2 1 6 7]
 [5 4 9 2 6 1 7 3 8]
 [8 2 1 5 3 7 4 6 9]
 [7 3 6 4 8 9 2 1 5]
 [2 9 1 3 8 6 7 5 4]
 [5 8 4 9 7 2 3 6 1]
 [3 6 7 1 5 4 8 9 2]]
Fitness: 11.11111111111111

Generation 30
Best ind: 
[[9 7 2 6 1 3 5 8 4]
 [6 1 8 7 4 5 9 2 3]
 [4 5 3 8 9 2 1 6 7]
 [5 4 9 2 6 1 7 3 8]
 [8 2 1 5 3 7 4 6 9]
 [7 3 6 4 9 8 2 1 5]
 [2 9 1 3 8 6 7 5 4]
 [5 8 4 9 7 2 3 6 1]
 [3 6 7 1 5 4 8 9 2]]
Fitness: 11.11111111111111

Generation 31
Best ind: 
[[9 7 2 6 1 3 5 8 4]
 [6 1 8 7 4 5 9 2 3]
 [4 5 3 8 9 2 1 6 7]
 [5 4 9 2 6 1 7 3 8]
 [8 2 1 5 3 7 4 6 9]
 [7 3 6 4 8 9 2 1 5]
 [2 9 1 3 8 6 5 7 4]
 [5 8 4 9 7 2 3 6 1]
 [3 6 7 1 5 4 8 9 2]]
Fitness: 11.11111111111111

Generation 32
Best ind: 
[[9 7 2 6 1 3 5 8 4]
 [6 1 8 7 4 5 9 2 3]
 [4 5 3 8 9 2 1 6 7]
 [5 4 9 2 6 1 7 3 8]
 [8 2 1 5 3 7 4 6 9]
 [7 3 6 4 8 9 2 1 5]
 [2 9 1 3 8 6 7 5 4]
 [5 8 4 9 7 2 3 6 1]
 [3 6 7 1 5 4 8 9 2]]
Fitness: 11.11111111111111

Generation 33
Best ind: 
[[9 7 2 6 1 3 5 8 4]
 [6 1 8 7 4 5 9 2 3]
 [4 5 3 8 9 2 1 6 7]
 [5 4 9 2 6 1 7 3 8]
 [8 2 1 5 3 7 4 6 9]
 [7 3 6 4 8 9 2 1 5]
 [2 9 1 3 8 6 7 5 4]
 [5 8 4 9 7 2 3 6 1]
 [3 6 7 1 5 4 8 9 2]]
Fitness: 11.11111111111111

Generation 34
Best ind: 
[[9 7 2 6 1 3 5 8 4]
 [6 1 8 7 4 5 9 2 3]
 [4 5 3 8 9 2 1 6 7]
 [5 4 9 2 6 1 7 3 8]
 [8 2 1 5 3 7 4 6 9]
 [7 3 6 4 8 9 2 1 5]
 [2 9 1 3 8 6 7 5 4]
 [5 8 4 9 7 2 3 6 1]
 [3 6 7 1 5 4 8 9 2]]
Fitness: 11.11111111111111

Generation 35
Best ind: 
[[9 7 2 6 1 3 5 8 4]
 [6 1 8 7 4 5 9 2 3]
 [4 5 3 8 9 2 6 1 7]
 [5 4 9 2 6 1 7 3 8]
 [8 2 1 5 3 7 4 6 9]
 [7 3 6 4 8 9 2 1 5]
 [2 9 5 3 8 6 1 7 4]
 [1 8 4 9 7 2 3 6 5]
 [3 6 7 1 5 4 8 9 2]]
Fitness: 14.285714285714285

Generation 36
Best ind: 
[[9 7 2 6 1 3 5 8 4]
 [6 1 8 7 4 5 9 2 3]
 [4 5 3 8 9 2 6 1 7]
 [5 4 9 2 6 1 7 3 8]
 [8 2 1 5 3 7 4 6 9]
 [7 3 6 4 8 9 2 1 5]
 [2 9 5 3 8 6 1 7 4]
 [1 8 4 9 7 2 3 6 5]
 [3 6 7 1 5 4 8 9 2]]
Fitness: 14.285714285714285

Generation 37
Best ind: 
[[9 7 2 6 1 3 5 8 4]
 [6 1 8 7 4 5 9 2 3]
 [4 5 3 8 9 2 6 1 7]
 [5 4 9 2 6 1 7 3 8]
 [8 2 1 5 3 7 4 6 9]
 [7 3 6 4 8 9 2 1 5]
 [2 9 5 3 8 6 1 7 4]
 [1 8 4 9 7 2 3 6 5]
 [3 6 7 1 5 4 8 9 2]]
Fitness: 14.285714285714285

Generation 38
Best ind: 
[[9 7 2 6 1 3 5 8 4]
 [6 1 8 7 4 5 9 2 3]
 [4 5 3 8 9 2 6 1 7]
 [5 4 9 2 6 1 7 3 8]
 [8 2 1 5 3 7 4 6 9]
 [7 3 6 4 8 9 2 1 5]
 [2 9 5 3 8 6 1 7 4]
 [1 8 4 9 7 2 3 6 5]
 [3 6 7 1 5 4 8 9 2]]
Fitness: 14.285714285714285

Generation 39
Best ind: 
[[9 7 2 6 1 3 5 8 4]
 [6 1 8 7 4 5 9 2 3]
 [4 5 3 8 9 2 6 1 7]
 [5 4 9 2 6 1 7 3 8]
 [8 2 1 5 3 7 4 6 9]
 [7 3 6 4 8 9 2 1 5]
 [2 9 5 3 8 6 1 7 4]
 [1 8 4 9 7 2 3 6 5]
 [3 6 7 1 5 4 8 9 2]]
Fitness: 14.285714285714285

Generation 40
Best ind: 
[[9 7 2 6 1 3 5 8 4]
 [6 1 8 7 4 5 9 2 3]
 [4 5 3 8 9 2 6 1 7]
 [5 4 9 2 6 1 7 3 8]
 [8 2 1 5 3 7 4 6 9]
 [7 3 6 4 8 9 2 1 5]
 [2 9 5 3 8 6 1 7 4]
 [1 8 4 9 7 2 3 6 5]
 [3 6 7 1 5 4 8 9 2]]
Fitness: 14.285714285714285

Generation 41
Best ind: 
[[9 7 2 6 1 3 5 8 4]
 [6 1 8 7 4 5 9 2 3]
 [4 5 3 8 9 2 6 1 7]
 [5 4 9 2 6 1 7 3 8]
 [8 2 1 5 3 7 4 6 9]
 [7 3 6 4 8 9 2 1 5]
 [2 9 5 3 8 6 1 7 4]
 [1 8 4 9 7 2 3 6 5]
 [3 6 7 1 5 4 8 9 2]]
Fitness: 14.285714285714285

Generation 42
Best ind: 
[[9 7 2 6 1 3 5 8 4]
 [6 1 8 7 4 5 9 2 3]
 [4 5 3 8 9 2 6 1 7]
 [5 4 9 2 6 1 7 3 8]
 [8 2 1 5 3 7 4 6 9]
 [7 3 6 4 8 9 2 1 5]
 [2 9 5 3 8 6 1 7 4]
 [1 8 4 9 7 2 3 6 5]
 [3 6 7 1 5 4 8 9 2]]
Fitness: 14.285714285714285

Generation 43
Best ind: 
[[9 7 2 6 1 3 5 8 4]
 [6 1 8 7 4 5 9 2 3]
 [4 5 3 8 9 2 6 1 7]
 [5 4 9 2 6 1 7 3 8]
 [8 2 1 5 3 7 4 6 9]
 [7 3 6 4 8 9 2 1 5]
 [2 9 5 3 8 6 1 7 4]
 [1 8 4 9 7 2 3 6 5]
 [3 6 7 1 5 4 8 9 2]]
Fitness: 14.285714285714285

Generation 44
Best ind: 
[[9 7 2 6 1 3 5 8 4]
 [6 1 8 7 4 5 9 2 3]
 [4 5 3 8 9 2 6 1 7]
 [5 4 9 2 6 1 7 3 8]
 [8 2 1 5 3 7 4 6 9]
 [7 3 6 4 8 9 2 1 5]
 [2 9 5 3 8 6 1 7 4]
 [1 8 4 9 7 2 3 6 5]
 [3 6 7 1 5 4 8 9 2]]
Fitness: 14.285714285714285

Generation 45
Best ind: 
[[9 7 2 6 1 3 5 8 4]
 [6 1 8 7 4 5 9 2 3]
 [4 5 3 8 9 2 6 1 7]
 [5 4 9 2 6 1 7 3 8]
 [8 2 1 5 3 7 4 6 9]
 [7 3 6 4 8 9 2 1 5]
 [2 9 5 3 8 6 1 7 4]
 [1 8 4 9 7 2 3 6 5]
 [3 6 7 1 5 4 8 9 2]]
Fitness: 14.285714285714285

Generation 46
Best ind: 
[[9 7 2 6 1 3 5 8 4]
 [6 1 8 7 4 5 9 2 3]
 [4 5 3 8 9 2 6 1 7]
 [5 4 9 2 6 1 7 3 8]
 [8 2 1 5 3 7 4 6 9]
 [7 3 6 4 8 9 2 1 5]
 [2 9 5 3 8 6 1 7 4]
 [1 8 4 9 7 2 3 6 5]
 [3 6 7 1 5 4 8 9 2]]
Fitness: 14.285714285714285

Generation 47
Best ind: 
[[9 7 2 6 1 3 5 8 4]
 [6 1 8 7 4 5 9 2 3]
 [4 5 3 8 9 2 6 1 7]
 [5 4 9 2 6 1 7 3 8]
 [8 2 1 5 3 7 4 6 9]
 [7 3 6 4 8 9 2 1 5]
 [2 9 5 3 8 6 1 7 4]
 [1 8 4 9 7 2 3 6 5]
 [3 6 7 1 5 4 8 9 2]]
Fitness: 14.285714285714285

Generation 48
Best ind: 
[[9 7 2 6 1 3 5 8 4]
 [6 1 8 7 4 5 9 2 3]
 [4 5 3 8 9 2 6 1 7]
 [5 4 9 2 6 1 7 3 8]
 [8 2 1 5 3 7 4 6 9]
 [7 3 6 4 8 9 2 1 5]
 [2 9 5 3 8 6 1 7 4]
 [1 8 4 9 7 2 3 6 5]
 [3 6 7 1 5 4 8 9 2]]
Fitness: 14.285714285714285

Generation 49
Best ind: 
[[9 7 2 6 1 3 5 8 4]
 [6 1 8 7 4 5 9 2 3]
 [4 5 3 8 9 2 6 1 7]
 [5 4 9 2 6 1 7 3 8]
 [8 2 1 5 3 7 4 6 9]
 [7 3 6 4 8 9 2 1 5]
 [2 9 5 3 8 6 1 7 4]
 [1 8 4 9 7 2 3 6 5]
 [3 6 7 1 5 4 8 9 2]]
Fitness: 14.285714285714285

Generation 50
Best ind: 
[[9 7 2 6 1 3 5 4 8]
 [6 1 8 7 4 5 9 2 3]
 [4 5 3 8 9 2 6 1 7]
 [5 4 9 2 6 1 7 3 8]
 [8 2 1 5 3 7 4 6 9]
 [7 3 6 4 8 9 2 1 5]
 [2 9 5 3 8 6 1 7 4]
 [1 8 4 9 7 2 3 6 5]
 [3 6 7 1 5 4 8 9 2]]
Fitness: 14.285714285714285

Generation 51
Best ind: 
[[9 7 2 6 1 3 5 8 4]
 [6 1 8 7 4 5 9 2 3]
 [4 5 3 8 9 2 6 1 7]
 [5 4 9 2 6 1 7 3 8]
 [8 2 1 5 3 7 4 6 9]
 [7 3 6 4 8 9 2 1 5]
 [2 9 5 3 8 6 1 7 4]
 [1 8 4 9 7 2 3 6 5]
 [3 6 7 1 5 4 8 9 2]]
Fitness: 14.285714285714285

Generation 52
Best ind: 
[[9 7 2 6 1 3 5 8 4]
 [6 1 8 7 4 5 9 2 3]
 [4 5 3 8 9 2 6 1 7]
 [5 4 9 2 6 1 7 3 8]
 [8 2 1 5 3 7 4 6 9]
 [7 3 6 4 8 9 2 1 5]
 [2 9 5 3 8 6 1 7 4]
 [1 8 4 9 7 2 3 6 5]
 [3 6 7 1 5 4 8 9 2]]
Fitness: 14.285714285714285

Generation 53
Best ind: 
[[9 7 2 6 1 3 5 8 4]
 [6 1 8 7 4 5 9 2 3]
 [4 5 3 8 9 2 6 1 7]
 [5 4 9 2 6 1 7 3 8]
 [8 2 1 5 3 7 4 6 9]
 [7 3 6 4 8 9 2 1 5]
 [2 9 5 3 8 6 1 7 4]
 [1 8 4 9 7 2 3 6 5]
 [3 6 7 1 5 4 8 9 2]]
Fitness: 14.285714285714285

Generation 54
Best ind: 
[[9 7 2 6 1 3 5 8 4]
 [6 1 8 7 4 5 9 2 3]
 [4 5 3 8 9 2 6 1 7]
 [5 4 9 2 6 1 7 3 8]
 [8 2 1 5 3 7 4 6 9]
 [7 3 6 4 8 9 2 1 5]
 [2 9 5 3 8 6 1 7 4]
 [1 8 4 9 7 2 3 6 5]
 [3 6 7 1 5 4 8 9 2]]
Fitness: 14.285714285714285

Generation 55
Best ind: 
[[9 7 2 6 1 3 5 8 4]
 [6 1 8 7 4 5 9 2 3]
 [4 5 3 8 9 2 6 1 7]
 [5 4 9 2 6 1 7 3 8]
 [8 2 1 5 3 7 4 6 9]
 [7 3 6 4 8 9 2 1 5]
 [2 9 5 3 8 6 1 7 4]
 [1 8 4 9 7 2 3 6 5]
 [3 6 7 1 5 4 8 9 2]]
Fitness: 14.285714285714285

Generation 56
Best ind: 
[[9 7 2 6 1 3 5 8 4]
 [6 1 8 7 4 5 9 2 3]
 [4 5 3 8 9 2 6 1 7]
 [5 4 9 2 6 1 7 3 8]
 [8 2 1 5 3 7 4 6 9]
 [7 3 6 4 8 9 2 1 5]
 [2 9 5 3 8 6 1 7 4]
 [1 8 4 9 7 2 3 6 5]
 [3 6 7 1 5 4 8 9 2]]
Fitness: 14.285714285714285

Generation 57
Best ind: 
[[9 7 2 6 1 3 5 8 4]
 [6 1 8 7 4 5 9 2 3]
 [4 5 3 8 9 2 6 1 7]
 [5 4 9 2 6 1 7 3 8]
 [8 2 1 5 3 7 4 6 9]
 [7 3 6 4 8 9 2 1 5]
 [2 9 5 3 8 6 1 7 4]
 [1 8 4 9 7 2 3 6 5]
 [3 6 7 1 5 4 8 9 2]]
Fitness: 14.285714285714285

Generation 58
Best ind: 
[[9 7 2 6 1 3 5 8 4]
 [6 1 8 7 4 5 9 2 3]
 [4 5 3 8 9 2 6 1 7]
 [5 4 9 2 6 1 7 3 8]
 [8 2 1 5 3 7 4 6 9]
 [7 3 6 4 8 9 2 1 5]
 [2 9 5 3 8 6 1 7 4]
 [1 8 4 9 7 2 3 6 5]
 [3 6 7 1 5 4 8 9 2]]
Fitness: 14.285714285714285

Generation 59
Best ind: 
[[9 7 2 6 1 3 5 8 4]
 [6 1 8 7 4 5 9 2 3]
 [4 5 3 8 9 2 6 1 7]
 [5 4 9 2 6 1 7 3 8]
 [8 2 1 5 3 7 4 6 9]
 [7 3 6 4 8 9 2 1 5]
 [2 9 5 3 8 6 1 7 4]
 [1 8 4 9 7 2 3 6 5]
 [3 6 7 1 5 4 8 9 2]]
Fitness: 14.285714285714285

Generation 60
Best ind: 
[[9 7 2 6 1 3 5 8 4]
 [6 1 8 7 4 5 9 2 3]
 [4 5 3 8 9 2 6 1 7]
 [5 4 9 2 6 1 7 3 8]
 [8 2 1 5 3 7 4 6 9]
 [7 3 6 4 8 9 2 1 5]
 [2 9 5 3 8 6 1 7 4]
 [1 8 4 9 7 2 3 6 5]
 [3 6 7 1 5 4 8 9 2]]
Fitness: 14.285714285714285

Generation 61
Best ind: 
[[9 7 2 6 1 3 5 8 4]
 [6 1 8 7 4 5 9 2 3]
 [4 5 3 8 9 2 6 1 7]
 [5 4 9 2 6 1 7 3 8]
 [8 2 1 5 3 7 4 6 9]
 [7 3 6 4 8 9 2 1 5]
 [2 9 5 3 8 6 1 7 4]
 [1 8 4 9 7 2 3 6 5]
 [3 6 7 1 5 4 8 9 2]]
Fitness: 14.285714285714285

Generation 62
Best ind: 
[[9 7 2 6 1 3 5 8 4]
 [6 1 8 7 4 5 9 2 3]
 [4 5 3 8 9 2 6 1 7]
 [5 4 9 2 6 1 7 3 8]
 [8 2 1 5 3 7 4 6 9]
 [7 3 6 4 8 9 2 1 5]
 [2 9 5 3 8 6 1 7 4]
 [1 8 4 9 7 2 3 6 5]
 [3 6 7 1 5 4 8 9 2]]
Fitness: 14.285714285714285

Generation 63
Best ind: 
[[9 7 2 6 1 3 5 8 4]
 [6 1 8 7 4 5 9 2 3]
 [4 5 3 8 9 2 6 1 7]
 [5 4 9 2 6 1 7 3 8]
 [8 2 1 5 3 7 4 6 9]
 [7 3 6 4 8 9 2 1 5]
 [2 9 5 3 8 6 1 7 4]
 [1 8 4 9 7 2 3 6 5]
 [3 6 7 1 5 4 8 9 2]]
Fitness: 14.285714285714285

Generation 64
Best ind: 
[[9 7 2 6 1 3 5 8 4]
 [6 1 8 7 4 5 9 2 3]
 [4 5 3 8 9 2 6 1 7]
 [5 4 9 2 6 1 7 3 8]
 [8 2 1 5 3 7 4 6 9]
 [7 3 6 4 8 9 2 1 5]
 [2 9 5 3 8 6 1 7 4]
 [1 8 4 9 7 2 3 6 5]
 [3 6 7 1 5 4 8 9 2]]
Fitness: 14.285714285714285

Generation 65
Best ind: 
[[9 7 2 6 1 3 5 8 4]
 [6 1 8 7 4 5 9 2 3]
 [4 5 3 2 9 8 6 1 7]
 [5 4 9 2 6 1 7 3 8]
 [8 2 1 5 3 7 4 6 9]
 [7 3 6 4 8 9 2 1 5]
 [2 9 5 3 8 6 1 7 4]
 [1 8 4 9 7 2 3 6 5]
 [3 6 7 1 5 4 8 9 2]]
Fitness: 14.285714285714285

Generation 66
Best ind: 
[[9 7 2 6 1 3 5 8 4]
 [6 1 8 7 4 5 9 2 3]
 [4 5 3 8 9 2 6 1 7]
 [5 4 9 2 6 1 7 3 8]
 [8 2 1 5 3 7 4 6 9]
 [7 3 6 4 8 9 2 1 5]
 [2 9 5 3 8 6 1 7 4]
 [1 8 4 9 7 2 3 6 5]
 [3 6 7 1 5 4 8 9 2]]
Fitness: 14.285714285714285

Generation 67
Best ind: 
[[9 7 2 6 1 3 5 8 4]
 [6 1 8 7 4 5 9 2 3]
 [4 5 3 8 9 2 6 1 7]
 [5 4 9 2 6 1 7 3 8]
 [8 2 1 5 3 7 4 6 9]
 [7 3 6 4 8 9 2 1 5]
 [2 9 5 3 8 6 1 7 4]
 [1 8 4 9 7 2 3 6 5]
 [3 6 7 1 5 4 8 9 2]]
Fitness: 14.285714285714285

Generation 68
Best ind: 
[[9 7 2 6 1 3 5 8 4]
 [6 1 8 7 4 5 9 2 3]
 [4 5 3 8 9 2 6 1 7]
 [5 4 9 2 6 1 7 3 8]
 [8 2 1 5 3 7 4 6 9]
 [7 3 6 4 8 9 2 1 5]
 [2 9 5 3 8 6 1 7 4]
 [1 8 4 9 7 2 3 6 5]
 [3 6 7 1 5 4 8 9 2]]
Fitness: 14.285714285714285

Generation 69
Best ind: 
[[9 7 2 6 1 3 5 4 8]
 [6 1 8 7 4 5 9 2 3]
 [4 5 3 8 9 2 6 1 7]
 [5 4 9 2 6 1 7 3 8]
 [8 2 1 5 3 7 4 6 9]
 [7 3 6 4 8 9 2 1 5]
 [2 9 5 3 8 6 1 7 4]
 [1 8 4 9 7 2 3 6 5]
 [3 6 7 1 5 4 8 9 2]]
Fitness: 14.285714285714285

Generation 70
Best ind: 
[[9 7 2 6 1 3 5 8 4]
 [6 1 8 7 4 5 9 2 3]
 [4 5 3 8 9 2 6 1 7]
 [5 4 9 2 6 1 7 3 8]
 [8 2 1 5 3 7 4 6 9]
 [7 3 6 4 8 9 2 1 5]
 [2 9 5 3 8 6 1 7 4]
 [1 8 4 9 7 2 3 6 5]
 [3 6 7 1 5 4 8 9 2]]
Fitness: 14.285714285714285

Generation 71
Best ind: 
[[9 7 2 6 1 3 5 8 4]
 [6 1 8 7 4 5 9 2 3]
 [4 5 3 8 9 2 6 1 7]
 [5 4 9 2 6 1 7 3 8]
 [8 2 1 5 3 7 4 6 9]
 [7 3 6 4 8 9 2 1 5]
 [2 9 5 3 8 6 1 7 4]
 [1 8 4 9 7 2 3 6 5]
 [3 6 7 1 5 4 8 9 2]]
Fitness: 14.285714285714285

Generation 72
Best ind: 
[[9 7 2 6 1 3 5 8 4]
 [6 1 8 7 4 5 9 2 3]
 [4 5 3 8 9 2 6 1 7]
 [5 4 9 2 6 1 7 3 8]
 [8 2 1 5 3 7 4 6 9]
 [7 3 6 4 8 9 2 1 5]
 [2 9 5 3 8 6 1 7 4]
 [1 8 4 9 7 2 3 6 5]
 [3 6 7 1 5 4 8 9 2]]
Fitness: 14.285714285714285

Generation 73
Best ind: 
[[9 7 2 6 1 3 5 8 4]
 [6 1 8 7 4 5 9 2 3]
 [4 5 3 8 9 2 6 1 7]
 [5 4 9 2 6 1 7 3 8]
 [8 2 1 5 3 7 4 6 9]
 [7 3 6 4 8 9 2 1 5]
 [2 9 5 3 8 6 1 7 4]
 [1 8 4 9 7 2 3 6 5]
 [3 6 7 1 5 4 8 9 2]]
Fitness: 14.285714285714285

Generation 74
Best ind: 
[[9 7 2 6 1 3 5 4 8]
 [6 1 8 7 4 5 9 2 3]
 [4 5 3 8 9 2 6 1 7]
 [5 4 9 2 6 1 7 3 8]
 [8 2 1 5 3 7 4 6 9]
 [7 3 6 4 8 9 2 1 5]
 [2 9 5 3 8 6 1 7 4]
 [1 8 4 9 7 2 3 6 5]
 [3 6 7 1 5 4 8 9 2]]
Fitness: 14.285714285714285

Generation 75
Best ind: 
[[9 7 2 6 1 3 5 8 4]
 [6 1 8 7 4 5 9 2 3]
 [4 5 3 8 9 2 6 1 7]
 [5 4 9 2 6 1 7 3 8]
 [8 2 1 5 3 7 4 6 9]
 [7 3 6 4 8 9 2 1 5]
 [2 9 5 3 8 6 1 7 4]
 [1 8 4 9 7 2 3 6 5]
 [3 6 7 1 5 4 8 9 2]]
Fitness: 14.285714285714285

Generation 76
Best ind: 
[[9 7 2 6 1 3 5 8 4]
 [6 1 8 7 4 5 9 2 3]
 [4 5 3 8 9 2 6 1 7]
 [5 4 9 2 6 1 7 3 8]
 [8 2 1 5 3 7 4 6 9]
 [7 3 6 4 8 9 2 1 5]
 [2 9 5 3 8 6 1 7 4]
 [1 8 4 9 7 2 3 6 5]
 [3 6 7 1 5 4 8 9 2]]
Fitness: 14.285714285714285

Generation 77
Best ind: 
[[9 7 2 6 1 3 5 8 4]
 [6 1 8 7 4 5 9 2 3]
 [4 5 3 8 9 2 6 1 7]
 [5 4 9 2 6 1 7 3 8]
 [8 2 1 5 3 7 4 6 9]
 [7 3 6 4 8 9 2 1 5]
 [2 9 5 3 8 6 1 7 4]
 [1 8 4 9 7 2 3 6 5]
 [3 6 7 1 5 4 8 9 2]]
Fitness: 14.285714285714285

Generation 78
Best ind: 
[[9 7 2 6 1 3 5 4 8]
 [6 1 8 7 4 5 9 2 3]
 [4 5 3 8 9 2 6 1 7]
 [5 4 9 2 6 1 7 3 8]
 [8 2 1 5 3 7 4 6 9]
 [7 3 6 4 8 9 2 1 5]
 [2 9 5 3 8 6 1 7 4]
 [1 8 4 9 7 2 3 6 5]
 [3 6 7 1 5 4 8 9 2]]
Fitness: 14.285714285714285

Generation 79
Best ind: 
[[9 7 2 6 1 3 5 4 8]
 [6 1 8 7 4 5 9 2 3]
 [4 5 3 8 9 2 6 1 7]
 [5 4 9 2 6 1 7 3 8]
 [8 2 1 5 3 7 4 6 9]
 [7 3 6 4 8 9 2 1 5]
 [2 9 5 3 8 6 1 7 4]
 [1 8 4 9 7 2 3 6 5]
 [3 6 7 1 5 4 8 9 2]]
Fitness: 14.285714285714285

Generation 80
Best ind: 
[[9 7 2 6 1 3 5 8 4]
 [6 1 8 7 4 5 9 2 3]
 [4 5 3 8 9 2 6 1 7]
 [5 4 9 2 6 1 7 3 8]
 [8 2 1 5 3 7 4 6 9]
 [7 3 6 4 8 9 2 1 5]
 [2 9 5 3 8 6 1 7 4]
 [1 8 4 9 7 2 3 6 5]
 [3 6 7 1 5 4 8 9 2]]
Fitness: 14.285714285714285

Generation 81
Best ind: 
[[9 7 2 6 1 3 5 4 8]
 [6 1 8 7 4 5 9 2 3]
 [4 5 3 8 9 2 6 1 7]
 [5 4 9 2 6 1 7 3 8]
 [8 2 1 5 3 7 4 6 9]
 [7 3 6 4 8 9 2 1 5]
 [2 9 5 3 8 6 1 7 4]
 [1 8 4 9 7 2 3 6 5]
 [3 6 7 1 5 4 8 9 2]]
Fitness: 14.285714285714285

Generation 82
Best ind: 
[[9 7 2 6 1 3 5 4 8]
 [6 1 8 7 4 5 9 2 3]
 [4 5 3 8 9 2 6 1 7]
 [5 4 9 2 6 1 7 3 8]
 [8 2 1 5 3 7 4 6 9]
 [7 3 6 4 8 9 2 1 5]
 [2 9 5 3 8 6 1 7 4]
 [1 8 4 9 7 2 3 6 5]
 [3 6 7 1 5 4 8 9 2]]
Fitness: 14.285714285714285

Generation 83
Best ind: 
[[9 7 2 8 1 3 5 4 6]
 [6 1 8 7 4 5 9 2 3]
 [4 5 3 6 9 2 1 8 7]
 [5 4 9 2 6 1 7 3 8]
 [8 2 1 5 3 7 4 6 9]
 [7 3 6 4 9 8 2 1 5]
 [2 9 5 3 8 6 1 7 4]
 [1 8 4 9 7 2 3 6 5]
 [3 6 7 1 5 4 8 9 2]]
Fitness: 16.666666666666664

Generation 84
Best ind: 
[[9 7 2 8 1 3 5 4 6]
 [6 1 8 7 4 5 9 2 3]
 [4 5 3 6 9 2 1 8 7]
 [5 4 9 2 6 1 7 3 8]
 [8 2 1 5 3 7 4 6 9]
 [7 3 6 4 9 8 2 1 5]
 [2 9 5 3 8 6 1 7 4]
 [1 8 4 9 7 2 3 6 5]
 [3 6 7 1 5 4 8 9 2]]
Fitness: 16.666666666666664

Generation 85
Best ind: 
[[9 7 2 8 1 3 5 4 6]
 [6 1 8 7 4 5 9 2 3]
 [4 5 3 6 9 2 1 8 7]
 [5 4 9 2 6 1 7 3 8]
 [8 2 1 5 3 7 4 6 9]
 [7 3 6 4 9 8 2 1 5]
 [2 9 5 3 8 6 1 7 4]
 [1 8 4 9 7 2 3 6 5]
 [3 6 7 1 5 4 8 9 2]]
Fitness: 16.666666666666664

Generation 86
Best ind: 
[[9 7 2 8 1 3 5 4 6]
 [6 1 8 7 4 5 9 2 3]
 [4 5 3 6 9 2 1 8 7]
 [5 4 9 2 6 1 7 3 8]
 [8 2 1 5 3 7 4 6 9]
 [7 3 6 4 9 8 2 1 5]
 [2 9 5 3 8 6 1 7 4]
 [1 8 4 9 7 2 3 6 5]
 [3 6 7 1 5 4 8 9 2]]
Fitness: 16.666666666666664

Generation 87
Best ind: 
[[9 7 2 8 1 3 5 4 6]
 [6 1 8 7 4 5 9 2 3]
 [4 5 3 6 9 2 1 8 7]
 [5 4 9 2 6 1 7 3 8]
 [8 2 1 5 3 7 4 6 9]
 [7 3 6 4 9 8 2 1 5]
 [2 9 5 3 8 6 1 7 4]
 [1 8 4 9 7 2 3 6 5]
 [3 6 7 1 5 4 8 9 2]]
Fitness: 16.666666666666664

Generation 88
Best ind: 
[[9 7 2 8 1 3 5 4 6]
 [6 1 8 7 4 5 9 2 3]
 [4 5 3 6 9 2 1 8 7]
 [5 4 9 2 6 1 7 3 8]
 [8 2 1 5 3 7 4 6 9]
 [7 3 6 4 9 8 2 1 5]
 [2 9 5 3 8 6 1 7 4]
 [1 8 4 9 7 2 3 6 5]
 [3 6 7 1 5 4 8 9 2]]
Fitness: 16.666666666666664

Generation 89
Best ind: 
[[9 7 2 8 1 3 5 4 6]
 [6 1 8 7 4 5 9 2 3]
 [4 5 3 6 9 2 1 8 7]
 [5 4 9 2 6 1 7 3 8]
 [8 2 1 5 3 7 4 6 9]
 [7 3 6 4 9 8 2 1 5]
 [2 9 5 3 8 6 1 7 4]
 [1 8 4 9 7 2 3 6 5]
 [3 6 7 1 5 4 8 9 2]]
Fitness: 16.666666666666664

Generation 90
Best ind: 
[[9 7 2 8 1 3 5 4 6]
 [6 1 8 7 4 5 9 2 3]
 [4 5 3 6 9 2 1 8 7]
 [5 4 9 2 6 1 7 3 8]
 [8 2 1 5 3 7 4 6 9]
 [7 3 6 4 9 8 2 1 5]
 [2 9 5 3 8 6 1 7 4]
 [1 8 4 9 7 2 3 6 5]
 [3 6 7 1 5 4 8 9 2]]
Fitness: 16.666666666666664

Generation 91
Best ind: 
[[9 7 2 8 1 3 5 4 6]
 [6 1 8 7 4 5 9 2 3]
 [4 5 3 6 9 2 1 8 7]
 [5 4 9 2 6 1 7 3 8]
 [8 2 1 5 3 7 4 6 9]
 [7 3 6 4 9 8 2 1 5]
 [2 9 5 3 8 6 1 7 4]
 [1 8 4 9 7 2 3 6 5]
 [3 6 7 1 5 4 8 9 2]]
Fitness: 16.666666666666664

Generation 92
Best ind: 
[[9 7 2 8 1 3 5 4 6]
 [6 1 8 7 4 5 9 2 3]
 [4 5 3 6 9 2 1 8 7]
 [5 4 9 2 6 1 7 3 8]
 [8 2 1 5 3 7 4 6 9]
 [7 3 6 4 9 8 2 1 5]
 [2 9 5 3 8 6 1 7 4]
 [1 8 4 9 7 2 3 6 5]
 [3 6 7 1 5 4 8 9 2]]
Fitness: 16.666666666666664

Generation 93
Best ind: 
[[9 7 2 8 1 3 5 4 6]
 [6 1 8 7 4 5 9 2 3]
 [4 5 3 6 9 2 1 8 7]
 [5 4 9 2 6 1 7 3 8]
 [8 2 1 5 3 7 4 6 9]
 [7 3 6 4 9 8 2 1 5]
 [2 9 5 3 8 6 1 7 4]
 [1 8 4 9 7 2 3 6 5]
 [3 6 7 1 5 4 8 9 2]]
Fitness: 16.666666666666664

Generation 94
Best ind: 
[[9 7 2 8 1 3 5 4 6]
 [6 1 8 7 4 5 9 2 3]
 [4 5 3 6 9 2 1 8 7]
 [5 4 9 2 6 1 7 3 8]
 [8 2 1 5 3 7 4 6 9]
 [7 3 6 4 9 8 2 1 5]
 [2 9 5 3 8 6 1 7 4]
 [1 8 4 9 7 2 3 6 5]
 [3 6 7 1 5 4 8 9 2]]
Fitness: 16.666666666666664

Generation 95
Best ind: 
[[9 7 2 8 1 3 5 4 6]
 [6 1 8 7 4 5 9 2 3]
 [4 5 3 6 9 2 1 8 7]
 [5 4 9 2 6 1 7 3 8]
 [8 2 1 5 3 7 4 6 9]
 [7 3 6 4 9 8 2 1 5]
 [2 9 5 3 8 6 1 7 4]
 [1 8 4 9 7 2 3 6 5]
 [3 6 7 1 5 4 8 9 2]]
Fitness: 16.666666666666664

Generation 96
Best ind: 
[[9 7 2 8 1 3 5 4 6]
 [6 1 8 7 4 5 9 2 3]
 [4 5 3 6 9 2 1 8 7]
 [5 4 9 2 6 1 7 3 8]
 [8 2 1 5 3 7 4 6 9]
 [7 3 6 4 9 8 2 1 5]
 [2 9 5 3 8 6 1 7 4]
 [1 8 4 9 7 2 3 6 5]
 [3 6 7 1 5 4 8 9 2]]
Fitness: 16.666666666666664

Generation 97
Best ind: 
[[9 7 2 8 1 3 5 4 6]
 [6 1 8 7 4 5 9 2 3]
 [4 5 3 6 9 2 1 8 7]
 [5 4 9 2 6 1 7 3 8]
 [8 2 1 5 3 7 4 6 9]
 [7 3 6 4 9 8 2 1 5]
 [2 9 5 3 8 6 1 7 4]
 [1 8 4 9 7 2 3 6 5]
 [3 6 7 1 5 4 8 9 2]]
Fitness: 16.666666666666664

Generation 98
Best ind: 
[[9 7 2 8 1 3 5 4 6]
 [6 1 8 7 4 5 9 2 3]
 [4 5 3 6 9 2 1 8 7]
 [5 4 9 2 6 1 7 3 8]
 [8 2 1 5 3 7 4 6 9]
 [7 3 6 4 9 8 2 1 5]
 [2 9 5 3 8 6 1 7 4]
 [1 8 4 9 7 2 3 6 5]
 [3 6 7 1 5 4 8 9 2]]
Fitness: 16.666666666666664

Generation 99
Best ind: 
[[9 7 2 8 1 3 5 4 6]
 [6 1 8 7 4 5 9 2 3]
 [4 5 3 6 9 2 1 8 7]
 [5 4 9 2 6 1 7 3 8]
 [8 2 1 5 3 7 4 6 9]
 [7 3 6 4 9 8 2 1 5]
 [2 9 5 3 8 6 1 7 4]
 [1 8 4 9 7 2 3 6 5]
 [3 6 7 1 5 4 8 9 2]]
Fitness: 16.666666666666664

Generation 100
Best ind: 
[[9 7 2 8 1 3 5 4 6]
 [6 1 8 7 4 5 9 2 3]
 [4 5 3 6 9 2 1 8 7]
 [5 4 9 2 6 1 7 3 8]
 [8 2 1 5 3 7 4 6 9]
 [7 3 6 4 9 8 2 1 5]
 [2 9 5 3 8 6 1 7 4]
 [1 8 4 9 7 2 3 6 5]
 [3 6 7 1 5 4 8 9 2]]
Fitness: 16.666666666666664

Generation 101
Best ind: 
[[9 7 2 8 1 3 5 4 6]
 [6 1 8 7 4 5 9 2 3]
 [4 5 3 6 9 2 1 8 7]
 [5 4 9 2 6 1 7 3 8]
 [8 2 1 5 3 7 4 6 9]
 [7 3 6 4 9 8 2 1 5]
 [2 9 5 3 8 6 1 7 4]
 [1 8 4 9 7 2 3 6 5]
 [3 6 7 1 5 4 8 9 2]]
Fitness: 16.666666666666664

Generation 102
Best ind: 
[[9 7 2 8 1 3 5 4 6]
 [6 1 8 7 4 5 9 2 3]
 [4 5 3 6 9 2 1 8 7]
 [5 4 9 2 6 1 7 3 8]
 [8 2 1 5 3 7 4 6 9]
 [7 3 6 4 9 8 2 1 5]
 [2 9 5 3 8 6 1 7 4]
 [1 8 4 9 7 2 3 6 5]
 [3 6 7 1 5 4 8 9 2]]
Fitness: 16.666666666666664

Generation 103
Best ind: 
[[9 7 2 8 1 3 5 4 6]
 [6 1 8 7 4 5 9 2 3]
 [4 5 3 6 9 2 1 8 7]
 [5 4 9 2 6 1 7 3 8]
 [8 2 1 5 3 7 4 6 9]
 [7 3 6 4 9 8 2 1 5]
 [2 9 5 3 8 6 1 7 4]
 [1 8 4 9 7 2 3 6 5]
 [3 6 7 1 5 4 8 9 2]]
Fitness: 16.666666666666664

Generation 104
Best ind: 
[[9 7 2 8 1 3 5 4 6]
 [6 1 8 7 4 5 9 2 3]
 [4 5 3 6 9 2 1 8 7]
 [5 4 9 2 6 1 7 3 8]
 [8 2 1 5 3 7 4 6 9]
 [7 3 6 4 9 8 2 1 5]
 [2 9 5 3 8 6 1 7 4]
 [1 8 4 9 7 2 3 6 5]
 [3 6 7 1 5 4 8 9 2]]
Fitness: 16.666666666666664

Generation 105
Best ind: 
[[9 7 2 8 1 3 5 4 6]
 [6 1 8 7 4 5 9 2 3]
 [4 5 3 6 9 2 1 8 7]
 [5 4 9 2 6 1 7 3 8]
 [8 2 1 5 3 7 4 6 9]
 [7 3 6 4 9 8 2 1 5]
 [2 9 5 3 8 6 1 7 4]
 [1 8 4 9 7 2 3 6 5]
 [3 6 7 1 5 4 8 9 2]]
Fitness: 16.666666666666664

Generation 106
Best ind: 
[[9 7 2 8 1 3 5 4 6]
 [6 1 8 7 4 5 9 2 3]
 [4 5 3 6 9 2 1 8 7]
 [5 4 9 2 6 1 7 3 8]
 [8 2 1 5 3 7 4 6 9]
 [7 3 6 4 9 8 2 1 5]
 [2 9 5 3 8 6 1 7 4]
 [1 8 4 9 7 2 3 6 5]
 [3 6 7 1 5 4 8 9 2]]
Fitness: 16.666666666666664

Generation 107
Best ind: 
[[9 7 2 8 1 3 5 4 6]
 [6 1 8 7 4 5 9 2 3]
 [4 5 3 6 9 2 1 8 7]
 [5 4 9 2 6 1 7 3 8]
 [8 2 1 5 3 7 4 6 9]
 [7 3 6 4 9 8 2 1 5]
 [2 9 5 3 8 6 1 7 4]
 [1 8 4 9 7 2 3 6 5]
 [3 6 7 1 5 4 8 9 2]]
Fitness: 16.666666666666664

Generation 108
Best ind: 
[[9 7 2 8 1 3 5 4 6]
 [6 1 8 7 4 5 9 2 3]
 [4 5 3 6 9 2 1 8 7]
 [5 4 9 2 6 1 7 3 8]
 [8 2 1 5 3 7 4 6 9]
 [7 3 6 4 8 9 2 1 5]
 [2 9 5 3 8 6 1 7 4]
 [1 8 4 9 7 2 3 6 5]
 [3 6 7 1 5 4 8 9 2]]
Fitness: 16.666666666666664

Generation 109
Best ind: 
[[9 7 2 8 1 3 5 4 6]
 [6 1 8 7 4 5 9 2 3]
 [4 5 3 6 9 2 1 8 7]
 [5 4 9 2 6 1 7 3 8]
 [8 2 1 5 3 7 4 6 9]
 [7 3 6 4 8 9 2 1 5]
 [2 9 5 3 8 6 1 7 4]
 [1 8 4 9 7 2 3 6 5]
 [3 6 7 1 5 4 8 9 2]]
Fitness: 16.666666666666664

Generation 110
Best ind: 
[[9 7 2 8 1 3 5 4 6]
 [6 1 8 7 4 5 9 2 3]
 [4 5 3 6 9 2 1 8 7]
 [5 4 9 2 6 1 7 3 8]
 [8 2 1 5 3 7 4 6 9]
 [7 3 6 4 9 8 2 1 5]
 [2 9 5 3 8 6 1 7 4]
 [1 8 4 9 7 2 3 6 5]
 [3 6 7 1 5 4 8 9 2]]
Fitness: 16.666666666666664

Generation 111
Best ind: 
[[9 7 2 8 1 3 5 4 6]
 [6 1 8 7 4 5 9 2 3]
 [4 5 3 6 9 2 1 8 7]
 [5 4 9 2 6 1 7 3 8]
 [8 2 1 5 3 7 4 6 9]
 [7 3 6 4 9 8 2 1 5]
 [2 9 5 3 8 6 1 7 4]
 [1 8 4 9 7 2 3 6 5]
 [3 6 7 1 5 4 8 9 2]]
Fitness: 16.666666666666664

Generation 112
Best ind: 
[[9 7 2 8 1 3 5 4 6]
 [6 1 8 7 4 5 9 2 3]
 [4 5 3 6 9 2 1 8 7]
 [5 4 9 2 6 1 7 3 8]
 [8 2 1 5 3 7 4 6 9]
 [7 3 6 4 9 8 2 1 5]
 [2 9 5 3 8 6 1 7 4]
 [1 8 4 9 7 2 3 6 5]
 [3 6 7 1 5 4 8 9 2]]
Fitness: 16.666666666666664

Generation 113
Best ind: 
[[9 7 2 8 1 3 5 4 6]
 [6 1 8 7 4 5 9 2 3]
 [4 5 3 6 9 2 1 8 7]
 [5 4 9 2 6 1 7 3 8]
 [8 2 1 5 3 7 4 6 9]
 [7 3 6 4 9 8 2 1 5]
 [2 9 5 3 8 6 1 7 4]
 [1 8 4 9 7 2 3 6 5]
 [3 6 7 1 5 4 8 9 2]]
Fitness: 16.666666666666664

Generation 114
Best ind: 
[[9 7 2 8 1 3 5 4 6]
 [6 1 8 7 4 5 9 2 3]
 [4 5 3 6 9 2 1 8 7]
 [5 4 9 2 6 1 7 3 8]
 [8 2 1 5 3 7 4 6 9]
 [7 3 6 4 9 8 2 1 5]
 [2 9 5 3 8 6 1 7 4]
 [1 8 4 9 7 2 3 6 5]
 [3 6 7 1 5 4 8 9 2]]
Fitness: 16.666666666666664

Generation 115
Best ind: 
[[9 7 2 8 1 3 5 4 6]
 [6 1 8 7 4 5 9 2 3]
 [4 5 3 6 9 2 1 8 7]
 [5 4 9 2 6 1 7 3 8]
 [8 2 1 5 3 7 4 6 9]
 [7 3 6 4 9 8 2 1 5]
 [2 9 5 3 8 6 1 7 4]
 [1 8 4 9 7 2 3 6 5]
 [3 6 7 1 5 4 8 9 2]]
Fitness: 16.666666666666664

Generation 116
Best ind: 
[[9 7 2 8 1 3 5 4 6]
 [6 1 8 7 4 5 9 2 3]
 [4 5 3 6 9 2 1 8 7]
 [5 4 9 2 6 1 7 3 8]
 [8 2 1 5 3 7 4 6 9]
 [7 3 6 4 9 8 2 1 5]
 [2 9 5 3 8 6 1 7 4]
 [1 8 4 9 7 2 3 6 5]
 [3 6 7 1 5 4 8 9 2]]
Fitness: 16.666666666666664

Generation 117
Best ind: 
[[9 7 2 8 1 3 5 4 6]
 [6 1 8 7 4 5 9 2 3]
 [4 5 3 6 9 2 1 8 7]
 [5 4 9 2 6 1 7 3 8]
 [8 2 1 5 3 7 4 6 9]
 [7 3 6 4 9 8 2 1 5]
 [2 9 5 3 8 6 1 7 4]
 [1 8 4 9 7 2 3 6 5]
 [3 6 7 1 5 4 8 9 2]]
Fitness: 16.666666666666664

Generation 118
Best ind: 
[[9 7 2 8 1 3 5 4 6]
 [6 1 8 7 4 5 9 2 3]
 [4 5 3 6 9 2 1 8 7]
 [5 4 9 2 6 1 7 3 8]
 [8 2 1 5 3 7 4 6 9]
 [7 3 6 4 9 8 2 1 5]
 [2 9 5 3 8 6 1 7 4]
 [1 8 4 9 7 2 3 6 5]
 [3 6 7 1 5 4 8 9 2]]
Fitness: 16.666666666666664

Generation 119
Best ind: 
[[9 7 2 8 1 3 5 4 6]
 [6 1 8 7 4 5 9 2 3]
 [4 5 3 6 9 2 1 8 7]
 [5 4 9 2 6 1 7 3 8]
 [8 2 1 5 3 7 4 6 9]
 [7 3 6 4 9 8 2 1 5]
 [2 9 5 3 8 6 1 7 4]
 [1 8 4 9 7 2 3 6 5]
 [3 6 7 1 5 4 8 9 2]]
Fitness: 16.666666666666664

Generation 120
Best ind: 
[[9 7 2 8 1 3 5 4 6]
 [6 1 8 7 4 5 9 2 3]
 [4 5 3 6 9 2 1 8 7]
 [5 4 9 2 6 1 7 3 8]
 [8 2 1 5 3 7 4 6 9]
 [7 3 6 4 9 8 2 1 5]
 [2 9 5 3 8 6 1 7 4]
 [1 8 4 9 7 2 3 6 5]
 [3 6 7 1 5 4 8 9 2]]
Fitness: 16.666666666666664

Generation 121
Best ind: 
[[9 7 2 8 1 3 5 4 6]
 [6 1 8 7 4 5 9 2 3]
 [4 5 3 6 9 2 1 8 7]
 [5 4 9 2 6 1 7 3 8]
 [8 2 1 5 3 7 4 6 9]
 [7 3 6 4 9 8 2 1 5]
 [2 9 5 3 8 6 1 7 4]
 [1 8 4 9 7 2 3 6 5]
 [3 6 7 1 5 4 8 9 2]]
Fitness: 16.666666666666664

Generation 122
Best ind: 
[[9 7 2 8 1 3 5 4 6]
 [6 1 8 7 4 5 9 2 3]
 [4 5 3 6 9 2 1 8 7]
 [5 4 9 2 6 1 7 3 8]
 [8 2 1 5 3 7 4 6 9]
 [7 3 6 4 9 8 2 1 5]
 [2 9 5 3 8 6 1 7 4]
 [1 8 4 9 7 2 3 6 5]
 [3 6 7 1 5 4 8 9 2]]
Fitness: 16.666666666666664

Generation 123
Best ind: 
[[9 7 2 8 1 3 5 4 6]
 [6 1 8 7 4 5 9 2 3]
 [4 5 3 6 9 2 1 8 7]
 [5 4 9 2 6 1 7 3 8]
 [8 2 1 5 3 7 4 6 9]
 [7 3 6 4 9 8 2 1 5]
 [2 9 5 3 8 6 1 7 4]
 [1 8 4 9 7 2 3 6 5]
 [3 6 7 1 5 4 8 9 2]]
Fitness: 16.666666666666664

Generation 124
Best ind: 
[[9 7 2 8 1 3 5 4 6]
 [6 1 8 7 4 5 9 2 3]
 [4 5 3 6 9 2 1 8 7]
 [5 4 9 2 6 1 7 3 8]
 [8 2 1 5 3 7 4 6 9]
 [7 3 6 4 8 9 2 1 5]
 [2 9 5 3 8 6 1 7 4]
 [1 8 4 9 7 2 3 6 5]
 [3 6 7 1 5 4 8 9 2]]
Fitness: 16.666666666666664

Generation 125
Best ind: 
[[9 7 2 8 1 3 5 4 6]
 [6 1 8 7 4 5 9 2 3]
 [4 5 3 6 9 2 1 8 7]
 [5 4 9 2 6 1 7 3 8]
 [8 2 1 5 3 7 4 6 9]
 [7 3 6 4 8 9 2 1 5]
 [2 9 5 3 8 6 1 7 4]
 [1 8 4 9 7 2 3 6 5]
 [3 6 7 1 5 4 8 9 2]]
Fitness: 16.666666666666664

Generation 126
Best ind: 
[[9 7 2 8 1 3 5 4 6]
 [6 1 8 7 4 5 9 2 3]
 [4 5 3 6 9 2 1 8 7]
 [5 4 9 2 6 1 7 3 8]
 [8 2 1 5 3 7 4 6 9]
 [7 3 6 4 9 8 2 1 5]
 [2 9 5 3 8 6 1 7 4]
 [1 8 4 9 7 2 3 6 5]
 [3 6 7 1 5 4 8 9 2]]
Fitness: 16.666666666666664

Generation 127
Best ind: 
[[9 7 2 8 1 3 5 4 6]
 [6 1 8 7 4 5 9 2 3]
 [4 5 3 6 9 2 1 8 7]
 [5 4 9 2 6 1 7 3 8]
 [8 2 1 5 3 7 4 6 9]
 [7 3 6 4 9 8 2 1 5]
 [2 9 5 3 8 6 1 7 4]
 [1 8 4 9 7 2 3 6 5]
 [3 6 7 1 5 4 8 9 2]]
Fitness: 16.666666666666664

Generation 128
Best ind: 
[[9 7 2 8 1 3 5 4 6]
 [6 1 8 7 4 5 9 2 3]
 [4 5 3 6 9 2 1 8 7]
 [5 4 9 2 6 1 7 3 8]
 [8 2 1 5 3 7 4 6 9]
 [7 3 6 4 9 8 2 1 5]
 [2 9 5 3 8 6 1 7 4]
 [1 8 4 9 7 2 3 6 5]
 [3 6 7 1 5 4 8 9 2]]
Fitness: 16.666666666666664

Generation 129
Best ind: 
[[9 7 2 8 1 3 5 4 6]
 [6 1 8 7 4 5 9 2 3]
 [4 5 3 6 9 2 1 8 7]
 [5 4 9 2 6 1 7 3 8]
 [8 2 1 5 3 7 4 6 9]
 [7 3 6 4 9 8 2 1 5]
 [2 9 5 3 8 6 1 7 4]
 [1 8 4 9 7 2 3 6 5]
 [3 6 7 1 5 4 8 9 2]]
Fitness: 16.666666666666664

Generation 130
Best ind: 
[[9 7 2 8 1 3 5 4 6]
 [6 1 8 7 4 5 9 2 3]
 [4 5 3 6 9 2 1 8 7]
 [5 4 9 2 6 1 7 3 8]
 [8 2 1 5 3 7 4 6 9]
 [7 3 6 4 9 8 2 1 5]
 [2 9 5 3 8 6 1 7 4]
 [1 8 4 9 7 2 3 6 5]
 [3 6 7 1 5 4 8 9 2]]
Fitness: 16.666666666666664

Generation 131
Best ind: 
[[9 7 2 8 1 3 5 4 6]
 [6 1 8 7 4 5 9 2 3]
 [4 5 3 6 9 2 1 8 7]
 [5 4 9 2 6 1 7 3 8]
 [8 2 1 5 3 7 4 6 9]
 [7 3 6 4 9 8 2 1 5]
 [2 9 5 3 8 6 1 7 4]
 [1 8 4 9 7 2 3 6 5]
 [3 6 7 1 5 4 8 9 2]]
Fitness: 16.666666666666664

Generation 132
Best ind: 
[[9 7 2 8 1 3 5 4 6]
 [6 1 8 7 4 5 9 2 3]
 [4 5 3 6 9 2 1 8 7]
 [5 4 9 2 6 1 7 3 8]
 [8 2 1 5 3 7 4 6 9]
 [7 3 6 4 9 8 2 1 5]
 [2 9 5 3 8 6 1 7 4]
 [1 8 4 9 7 2 3 6 5]
 [3 6 7 1 5 4 8 9 2]]
Fitness: 16.666666666666664

Generation 133
Best ind: 
[[9 7 2 8 1 3 5 4 6]
 [6 1 8 7 4 5 9 2 3]
 [4 5 3 6 9 2 1 8 7]
 [5 4 9 2 6 1 7 3 8]
 [8 2 1 5 3 7 4 6 9]
 [7 3 6 4 9 8 2 1 5]
 [2 9 5 3 8 6 1 7 4]
 [1 8 4 9 7 2 3 6 5]
 [3 6 7 1 5 4 8 9 2]]
Fitness: 16.666666666666664

Generation 134
Best ind: 
[[9 7 2 8 1 3 5 4 6]
 [6 1 8 7 4 5 9 2 3]
 [4 5 3 6 9 2 1 8 7]
 [5 4 9 2 6 1 7 3 8]
 [8 2 1 5 3 7 4 6 9]
 [7 3 6 4 9 8 2 1 5]
 [2 9 5 3 8 6 1 7 4]
 [1 8 4 9 7 2 3 6 5]
 [3 6 7 1 5 4 8 9 2]]
Fitness: 16.666666666666664

Generation 135
Best ind: 
[[9 7 2 8 1 3 5 4 6]
 [6 1 8 7 4 5 9 2 3]
 [4 5 3 6 9 2 1 8 7]
 [5 4 9 2 6 1 7 3 8]
 [8 2 1 5 3 7 4 6 9]
 [7 3 6 4 9 8 2 1 5]
 [2 9 5 3 8 6 1 7 4]
 [1 8 4 9 7 2 3 6 5]
 [3 6 7 1 5 4 8 9 2]]
Fitness: 16.666666666666664

Generation 136
Best ind: 
[[9 7 2 8 1 3 5 4 6]
 [6 1 8 7 4 5 9 2 3]
 [4 5 3 6 9 2 1 8 7]
 [5 4 9 2 6 1 7 3 8]
 [8 2 1 5 3 7 4 6 9]
 [7 3 6 4 9 8 2 1 5]
 [2 9 5 3 8 6 1 7 4]
 [1 8 4 9 7 2 3 6 5]
 [3 6 7 1 5 4 8 9 2]]
Fitness: 16.666666666666664

Generation 137
Best ind: 
[[9 7 2 8 1 3 5 4 6]
 [6 1 8 7 4 5 9 2 3]
 [4 5 3 6 9 2 1 8 7]
 [5 4 9 2 6 1 7 3 8]
 [8 2 1 5 3 7 4 6 9]
 [7 3 6 4 9 8 2 1 5]
 [2 9 5 3 8 6 1 7 4]
 [1 8 4 9 7 2 3 6 5]
 [3 6 7 1 5 4 8 9 2]]
Fitness: 16.666666666666664

Generation 138
Best ind: 
[[9 7 2 8 1 3 5 4 6]
 [6 1 8 7 4 5 9 2 3]
 [4 5 3 6 9 2 1 8 7]
 [5 4 9 2 6 1 7 3 8]
 [8 2 1 5 3 7 4 6 9]
 [7 3 6 4 8 9 2 1 5]
 [2 9 5 3 8 6 1 7 4]
 [1 8 4 9 7 2 3 6 5]
 [3 6 7 1 5 4 8 9 2]]
Fitness: 16.666666666666664

Generation 139
Best ind: 
[[9 7 2 8 1 3 5 4 6]
 [6 1 8 7 4 5 9 2 3]
 [4 5 3 6 9 2 1 8 7]
 [5 4 9 2 6 1 7 3 8]
 [8 2 1 5 3 7 4 6 9]
 [7 3 6 4 9 8 2 1 5]
 [2 9 5 3 8 6 1 7 4]
 [1 8 4 9 7 2 3 6 5]
 [3 6 7 1 5 4 8 9 2]]
Fitness: 16.666666666666664

Generation 140
Best ind: 
[[9 7 2 8 1 3 5 4 6]
 [6 1 8 7 4 5 9 2 3]
 [4 5 3 6 9 2 1 8 7]
 [5 4 9 2 6 1 7 3 8]
 [8 2 1 5 3 7 4 6 9]
 [7 3 6 4 8 9 2 1 5]
 [2 9 5 3 8 6 1 7 4]
 [1 8 4 9 7 2 3 6 5]
 [3 6 7 1 5 4 8 9 2]]
Fitness: 16.666666666666664

Generation 141
Best ind: 
[[9 7 2 8 1 3 5 4 6]
 [6 1 8 7 4 5 9 2 3]
 [4 5 3 6 9 2 1 8 7]
 [5 4 9 2 6 1 7 3 8]
 [8 2 1 5 3 7 4 6 9]
 [7 3 6 4 9 8 2 1 5]
 [2 9 5 3 8 6 1 7 4]
 [1 8 4 9 7 2 3 6 5]
 [3 6 7 1 5 4 8 9 2]]
Fitness: 16.666666666666664

Generation 142
Best ind: 
[[9 7 2 8 1 3 5 4 6]
 [6 1 8 7 4 5 9 2 3]
 [4 5 3 6 9 2 1 8 7]
 [5 4 9 2 6 1 7 3 8]
 [8 2 1 5 3 7 4 6 9]
 [7 3 6 4 9 8 2 1 5]
 [2 9 5 3 8 6 1 7 4]
 [1 8 4 9 7 2 3 6 5]
 [3 6 7 1 5 4 8 9 2]]
Fitness: 16.666666666666664

Generation 143
Best ind: 
[[9 7 2 8 1 3 5 4 6]
 [6 1 8 7 4 5 9 2 3]
 [4 5 3 6 9 2 1 8 7]
 [5 4 9 2 6 1 7 3 8]
 [8 2 1 5 3 7 4 6 9]
 [7 3 6 4 9 8 2 1 5]
 [2 9 5 3 8 6 1 7 4]
 [1 8 4 9 7 2 3 6 5]
 [3 6 7 1 5 4 8 9 2]]
Fitness: 16.666666666666664

Generation 144
Best ind: 
[[9 7 2 8 1 3 5 4 6]
 [6 1 8 7 4 5 9 2 3]
 [4 5 3 6 9 2 1 8 7]
 [5 4 9 2 6 1 7 3 8]
 [8 2 1 5 3 7 4 6 9]
 [7 3 6 4 9 8 2 1 5]
 [2 9 5 3 8 6 1 7 4]
 [1 8 4 9 7 2 3 6 5]
 [3 6 7 1 5 4 8 9 2]]
Fitness: 16.666666666666664

Generation 145
Best ind: 
[[9 7 2 8 1 3 5 4 6]
 [6 1 8 7 4 5 9 2 3]
 [4 5 3 6 9 2 1 8 7]
 [5 4 9 2 6 1 7 3 8]
 [8 2 1 5 3 7 4 6 9]
 [7 3 6 4 9 8 2 1 5]
 [2 9 5 3 8 6 1 7 4]
 [1 8 4 9 7 2 3 6 5]
 [3 6 7 1 5 4 8 9 2]]
Fitness: 16.666666666666664

Generation 146
Best ind: 
[[9 7 2 8 1 3 5 4 6]
 [6 1 8 7 4 5 9 2 3]
 [4 5 3 6 9 2 1 8 7]
 [5 4 9 2 6 1 7 3 8]
 [8 2 1 5 3 7 4 6 9]
 [7 3 6 4 9 8 2 1 5]
 [2 9 5 3 8 6 1 7 4]
 [1 8 4 9 7 2 3 6 5]
 [3 6 7 1 5 4 8 9 2]]
Fitness: 16.666666666666664

Generation 147
Best ind: 
[[9 7 2 8 1 3 5 4 6]
 [6 1 8 7 4 5 9 2 3]
 [4 5 3 6 9 2 1 8 7]
 [5 4 9 2 6 1 7 3 8]
 [8 2 1 5 3 7 4 6 9]
 [7 3 6 4 9 8 2 1 5]
 [2 9 5 3 8 6 1 7 4]
 [1 8 4 9 7 2 3 6 5]
 [3 6 7 1 5 4 8 9 2]]
Fitness: 16.666666666666664

Generation 148
Best ind: 
[[9 7 2 8 1 3 5 4 6]
 [6 1 8 7 4 5 9 2 3]
 [4 5 3 6 9 2 1 8 7]
 [5 4 9 2 6 1 7 3 8]
 [8 2 1 5 3 7 4 6 9]
 [7 3 6 4 9 8 2 1 5]
 [2 9 5 3 8 6 1 7 4]
 [1 8 4 9 7 2 3 6 5]
 [3 6 7 1 5 4 8 9 2]]
Fitness: 16.666666666666664

Generation 149
Best ind: 
[[9 7 2 8 1 3 5 4 6]
 [6 1 8 7 4 5 9 2 3]
 [4 5 3 6 9 2 1 8 7]
 [5 4 9 2 6 1 7 3 8]
 [8 2 1 5 3 7 4 6 9]
 [7 3 6 4 9 8 2 1 5]
 [2 9 5 3 8 6 1 7 4]
 [1 8 4 9 7 2 3 6 5]
 [3 6 7 1 5 4 8 9 2]]
Fitness: 16.666666666666664

Generation 150
Best ind: 
[[9 7 2 8 1 3 5 4 6]
 [6 1 8 7 4 5 9 2 3]
 [4 5 3 6 9 2 1 8 7]
 [5 4 9 2 6 1 7 3 8]
 [8 2 1 5 3 7 4 6 9]
 [7 3 6 4 9 8 2 1 5]
 [2 9 5 3 8 6 1 7 4]
 [1 8 4 9 7 2 3 6 5]
 [3 6 7 1 5 4 8 9 2]]
Fitness: 16.666666666666664

Generation 151
Best ind: 
[[9 7 2 8 1 3 5 4 6]
 [6 1 8 7 4 5 9 2 3]
 [4 5 3 6 9 2 1 8 7]
 [5 4 9 2 6 1 7 3 8]
 [8 2 1 5 3 7 4 6 9]
 [7 3 6 4 9 8 2 1 5]
 [2 9 5 3 8 6 1 7 4]
 [1 8 4 9 7 2 3 6 5]
 [3 6 7 1 5 4 8 9 2]]
Fitness: 16.666666666666664

Generation 152
Best ind: 
[[9 7 2 8 1 3 5 4 6]
 [6 1 8 7 4 5 9 2 3]
 [4 5 3 6 9 2 1 8 7]
 [5 4 9 2 6 1 7 3 8]
 [8 2 1 5 3 7 4 6 9]
 [7 3 6 4 8 9 2 1 5]
 [2 9 5 3 8 6 1 7 4]
 [1 8 4 9 7 2 3 6 5]
 [3 6 7 1 5 4 8 9 2]]
Fitness: 16.666666666666664

Generation 153
Best ind: 
[[9 7 2 8 1 3 5 4 6]
 [6 1 8 7 4 5 9 2 3]
 [4 5 3 6 9 2 1 8 7]
 [5 4 9 2 6 1 7 3 8]
 [8 2 1 5 3 7 4 6 9]
 [7 3 6 4 9 8 2 1 5]
 [2 9 5 3 8 6 1 7 4]
 [1 8 4 9 7 2 3 6 5]
 [3 6 7 1 5 4 8 9 2]]
Fitness: 16.666666666666664

Generation 154
Best ind: 
[[9 7 2 8 1 3 5 4 6]
 [6 1 8 7 4 5 9 2 3]
 [4 5 3 6 9 2 1 8 7]
 [5 4 9 2 6 1 7 3 8]
 [8 2 1 5 3 7 4 6 9]
 [7 3 6 4 9 8 2 1 5]
 [2 9 5 3 8 6 1 7 4]
 [1 8 4 9 7 2 3 6 5]
 [3 6 7 1 5 4 8 9 2]]
Fitness: 16.666666666666664

Generation 155
Best ind: 
[[9 7 2 8 1 3 5 4 6]
 [6 1 8 7 4 5 9 2 3]
 [4 5 3 6 9 2 1 8 7]
 [5 4 9 2 6 1 7 3 8]
 [8 2 1 5 3 7 4 6 9]
 [7 3 6 4 9 8 2 1 5]
 [2 9 5 3 8 6 1 7 4]
 [1 8 4 9 7 2 3 6 5]
 [3 6 7 1 5 4 8 9 2]]
Fitness: 16.666666666666664

Generation 156
Best ind: 
[[9 7 2 8 1 3 5 4 6]
 [6 1 8 7 4 5 9 2 3]
 [4 5 3 6 9 2 1 8 7]
 [5 4 9 2 6 1 7 3 8]
 [8 2 1 5 3 7 4 6 9]
 [7 3 6 4 9 8 2 1 5]
 [2 9 5 3 8 6 1 7 4]
 [1 8 4 9 7 2 3 6 5]
 [3 6 7 1 5 4 8 9 2]]
Fitness: 16.666666666666664

Generation 157
Best ind: 
[[9 7 2 8 1 3 5 4 6]
 [6 1 8 7 4 5 9 2 3]
 [4 5 3 6 9 2 1 8 7]
 [5 4 9 2 6 1 7 3 8]
 [8 2 1 5 3 7 4 6 9]
 [7 3 6 4 9 8 2 1 5]
 [2 9 5 3 8 6 1 7 4]
 [1 8 4 9 7 2 3 6 5]
 [3 6 7 1 5 4 8 9 2]]
Fitness: 16.666666666666664

Generation 158
Best ind: 
[[9 7 2 8 1 3 5 4 6]
 [6 1 8 7 4 5 9 2 3]
 [4 5 3 6 9 2 1 8 7]
 [5 4 9 2 6 1 7 3 8]
 [8 2 1 5 3 7 4 6 9]
 [7 3 6 4 9 8 2 1 5]
 [2 9 5 3 8 6 1 7 4]
 [1 8 4 9 7 2 3 6 5]
 [3 6 7 1 5 4 8 9 2]]
Fitness: 16.666666666666664

Generation 159
Best ind: 
[[9 7 2 8 1 3 5 4 6]
 [6 1 8 7 4 5 9 2 3]
 [4 5 3 6 9 2 1 8 7]
 [5 4 9 2 6 1 7 3 8]
 [8 2 1 5 3 7 4 6 9]
 [7 3 6 4 9 8 2 1 5]
 [2 9 5 3 8 6 1 7 4]
 [1 8 4 9 7 2 3 6 5]
 [3 6 7 1 5 4 8 9 2]]
Fitness: 16.666666666666664

Generation 160
Best ind: 
[[9 7 2 8 1 3 5 4 6]
 [6 1 8 7 4 5 9 2 3]
 [4 5 3 6 9 2 1 8 7]
 [5 4 9 2 6 1 7 3 8]
 [8 2 1 5 3 7 4 6 9]
 [7 3 6 4 9 8 2 1 5]
 [2 9 5 3 8 6 1 7 4]
 [1 8 4 9 7 2 3 6 5]
 [3 6 7 1 5 4 8 9 2]]
Fitness: 16.666666666666664

Generation 161
Best ind: 
[[9 7 2 8 1 3 5 4 6]
 [6 1 8 7 4 5 9 2 3]
 [4 5 3 6 9 2 1 8 7]
 [5 4 9 2 6 1 7 3 8]
 [8 2 1 5 3 7 4 6 9]
 [7 3 6 4 8 9 2 1 5]
 [2 9 5 3 8 6 1 7 4]
 [1 8 4 9 7 2 3 6 5]
 [3 6 7 1 5 4 8 9 2]]
Fitness: 16.666666666666664

Generation 162
Best ind: 
[[9 7 2 8 1 3 5 4 6]
 [6 1 8 7 4 5 9 2 3]
 [4 5 3 6 9 2 1 8 7]
 [5 4 9 2 6 1 7 3 8]
 [8 2 1 5 3 7 4 6 9]
 [7 3 6 4 9 8 2 1 5]
 [2 9 5 3 8 6 1 7 4]
 [1 8 4 9 7 2 3 6 5]
 [3 6 7 1 5 4 8 9 2]]
Fitness: 16.666666666666664

Generation 163
Best ind: 
[[9 7 2 8 1 3 5 4 6]
 [6 1 8 7 4 5 9 2 3]
 [4 5 3 6 9 2 1 8 7]
 [5 4 9 2 6 1 7 3 8]
 [8 2 1 5 3 7 4 6 9]
 [7 3 6 4 9 8 2 1 5]
 [2 9 5 3 8 6 1 7 4]
 [1 8 4 9 7 2 3 6 5]
 [3 6 7 1 5 4 8 9 2]]
Fitness: 16.666666666666664

Generation 164
Best ind: 
[[9 7 2 8 1 3 5 4 6]
 [6 1 8 7 4 5 9 2 3]
 [4 5 3 6 9 2 1 8 7]
 [5 4 9 2 6 1 7 3 8]
 [8 2 1 5 3 7 4 6 9]
 [7 3 6 4 8 9 2 1 5]
 [2 9 5 3 8 6 1 7 4]
 [1 8 4 9 7 2 3 6 5]
 [3 6 7 1 5 4 8 9 2]]
Fitness: 16.666666666666664

Generation 165
Best ind: 
[[9 7 2 8 1 3 5 4 6]
 [6 1 8 7 4 5 9 2 3]
 [4 5 3 6 9 2 1 8 7]
 [5 4 9 2 6 1 7 3 8]
 [8 2 1 5 3 7 4 6 9]
 [7 3 6 4 8 9 2 1 5]
 [2 9 5 3 8 6 1 7 4]
 [1 8 4 9 7 2 3 6 5]
 [3 6 7 1 5 4 8 9 2]]
Fitness: 16.666666666666664

Generation 166
Best ind: 
[[9 7 2 8 1 3 5 4 6]
 [6 1 8 7 4 5 9 2 3]
 [4 5 3 6 9 2 1 8 7]
 [5 4 9 2 6 1 7 3 8]
 [8 2 1 5 3 7 4 6 9]
 [7 3 6 4 9 8 2 1 5]
 [2 9 5 3 8 6 1 7 4]
 [1 8 4 9 7 2 3 6 5]
 [3 6 7 1 5 4 8 9 2]]
Fitness: 16.666666666666664

Generation 167
Best ind: 
[[9 7 2 8 1 3 5 4 6]
 [6 1 8 7 4 5 9 2 3]
 [4 5 3 6 9 2 1 8 7]
 [5 4 9 2 6 1 7 3 8]
 [8 2 1 5 3 7 4 6 9]
 [7 3 6 4 9 8 2 1 5]
 [2 9 5 3 8 6 1 7 4]
 [1 8 4 9 7 2 3 6 5]
 [3 6 7 1 5 4 8 9 2]]
Fitness: 16.666666666666664

Generation 168
Best ind: 
[[9 7 2 8 1 3 5 4 6]
 [6 1 8 7 4 5 9 2 3]
 [4 5 3 6 9 2 1 8 7]
 [5 4 9 2 6 1 7 3 8]
 [8 2 1 5 3 7 4 6 9]
 [7 3 6 4 9 8 2 1 5]
 [2 9 5 3 8 6 1 7 4]
 [1 8 4 9 7 2 3 6 5]
 [3 6 7 1 5 4 8 9 2]]
Fitness: 16.666666666666664

Generation 169
Best ind: 
[[9 7 2 8 1 3 5 4 6]
 [6 1 8 7 4 5 9 2 3]
 [4 5 3 6 9 2 1 8 7]
 [5 4 9 2 6 1 7 3 8]
 [8 2 1 5 3 7 4 6 9]
 [7 3 6 4 8 9 2 1 5]
 [2 9 5 3 8 6 1 7 4]
 [1 8 4 9 7 2 3 6 5]
 [3 6 7 1 5 4 8 9 2]]
Fitness: 16.666666666666664

Generation 170
Best ind: 
[[9 7 2 8 1 3 5 4 6]
 [6 1 8 7 4 5 9 2 3]
 [4 5 3 6 9 2 1 8 7]
 [5 4 9 2 6 1 7 3 8]
 [8 2 1 5 3 7 4 6 9]
 [7 3 6 4 8 9 2 1 5]
 [2 9 5 3 8 6 1 7 4]
 [1 8 4 9 7 2 3 6 5]
 [3 6 7 1 5 4 8 9 2]]
Fitness: 16.666666666666664

Generation 171
Best ind: 
[[9 7 2 8 1 3 5 4 6]
 [6 1 8 7 4 5 9 2 3]
 [4 5 3 6 9 2 1 8 7]
 [5 4 9 2 6 1 7 3 8]
 [8 2 1 5 3 7 4 6 9]
 [7 3 6 4 8 9 2 1 5]
 [2 9 5 3 8 6 1 7 4]
 [1 8 4 9 7 2 3 6 5]
 [3 6 7 1 5 4 8 9 2]]
Fitness: 16.666666666666664

Generation 172
Best ind: 
[[9 7 2 8 1 3 5 4 6]
 [6 1 8 7 4 5 9 2 3]
 [4 5 3 6 9 2 1 8 7]
 [5 4 9 2 6 1 7 3 8]
 [8 2 1 5 3 7 4 6 9]
 [7 3 6 4 9 8 2 1 5]
 [2 9 5 3 8 6 1 7 4]
 [1 8 4 9 7 2 3 6 5]
 [3 6 7 1 5 4 8 9 2]]
Fitness: 16.666666666666664

Generation 173
Best ind: 
[[9 7 2 8 1 3 5 4 6]
 [6 1 8 7 4 5 9 2 3]
 [4 5 3 6 9 2 1 8 7]
 [5 4 9 2 6 1 7 3 8]
 [8 2 1 5 3 7 4 6 9]
 [7 3 6 4 8 9 2 1 5]
 [2 9 5 3 8 6 1 7 4]
 [1 8 4 9 7 2 3 6 5]
 [3 6 7 1 5 4 8 9 2]]
Fitness: 16.666666666666664

Generation 174
Best ind: 
[[9 7 2 8 1 3 5 4 6]
 [6 1 8 7 4 5 9 2 3]
 [4 5 3 6 9 2 1 8 7]
 [5 4 9 2 6 1 7 3 8]
 [8 2 1 5 3 7 4 6 9]
 [7 3 6 4 9 8 2 1 5]
 [2 9 5 3 8 6 1 7 4]
 [1 8 4 9 7 2 3 6 5]
 [3 6 7 1 5 4 8 9 2]]
Fitness: 16.666666666666664

Generation 175
Best ind: 
[[9 7 2 8 1 3 5 4 6]
 [6 1 8 7 4 5 9 2 3]
 [4 5 3 6 9 2 1 8 7]
 [5 4 9 2 6 1 7 3 8]
 [8 2 1 5 3 7 4 6 9]
 [7 3 6 4 8 9 2 1 5]
 [2 9 5 3 8 6 1 7 4]
 [1 8 4 9 7 2 3 6 5]
 [3 6 7 1 5 4 8 9 2]]
Fitness: 16.666666666666664

Generation 176
Best ind: 
[[9 7 2 8 1 3 5 4 6]
 [6 1 8 7 4 5 9 2 3]
 [4 5 3 6 9 2 1 8 7]
 [5 4 9 2 6 1 7 3 8]
 [8 2 1 5 3 7 4 6 9]
 [7 3 6 4 8 9 2 1 5]
 [2 9 5 3 8 6 1 7 4]
 [1 8 4 9 7 2 3 6 5]
 [3 6 7 1 5 4 8 9 2]]
Fitness: 16.666666666666664

Generation 177
Best ind: 
[[9 7 2 8 1 3 5 4 6]
 [6 1 8 7 4 5 9 2 3]
 [4 5 3 6 9 2 1 8 7]
 [5 4 9 2 6 1 7 3 8]
 [8 2 1 5 3 7 4 6 9]
 [7 3 6 4 9 8 2 1 5]
 [2 9 5 3 8 6 1 7 4]
 [1 8 4 9 7 2 3 6 5]
 [3 6 7 1 5 4 8 9 2]]
Fitness: 16.666666666666664

Generation 178
Best ind: 
[[9 7 2 8 1 3 5 4 6]
 [6 1 8 7 4 5 9 2 3]
 [4 5 3 6 9 2 1 8 7]
 [5 4 9 2 6 1 7 3 8]
 [8 2 1 5 3 7 4 6 9]
 [7 3 6 4 9 8 2 1 5]
 [2 9 5 3 8 6 1 7 4]
 [1 8 4 9 7 2 3 6 5]
 [3 6 7 1 5 4 8 9 2]]
Fitness: 16.666666666666664

Generation 179
Best ind: 
[[9 7 2 8 1 3 5 4 6]
 [6 1 8 7 4 5 9 2 3]
 [4 5 3 6 9 2 1 8 7]
 [5 4 9 2 6 1 7 3 8]
 [8 2 1 5 3 7 4 6 9]
 [7 3 6 4 8 9 2 1 5]
 [2 9 5 3 8 6 1 7 4]
 [1 8 4 9 7 2 3 6 5]
 [3 6 7 1 5 4 8 9 2]]
Fitness: 16.666666666666664

Generation 180
Best ind: 
[[9 7 2 8 1 3 5 4 6]
 [6 1 8 7 4 5 9 2 3]
 [4 5 3 6 9 2 1 8 7]
 [5 4 9 2 6 1 7 3 8]
 [8 2 1 5 3 7 4 6 9]
 [7 3 6 4 9 8 2 1 5]
 [2 9 5 3 8 6 1 7 4]
 [1 8 4 9 7 2 3 6 5]
 [3 6 7 1 5 4 8 9 2]]
Fitness: 16.666666666666664

Generation 181
Best ind: 
[[9 7 2 8 1 3 5 4 6]
 [6 1 8 7 4 5 9 2 3]
 [4 5 3 6 9 2 1 8 7]
 [5 4 9 2 6 1 7 3 8]
 [8 2 1 5 3 7 4 6 9]
 [7 3 6 4 9 8 2 1 5]
 [2 9 5 3 8 6 1 7 4]
 [1 8 4 9 7 2 3 6 5]
 [3 6 7 1 5 4 8 9 2]]
Fitness: 16.666666666666664

Generation 182
Best ind: 
[[9 7 2 8 1 3 5 4 6]
 [6 1 8 7 4 5 9 2 3]
 [4 5 3 6 9 2 1 8 7]
 [5 4 9 2 6 1 7 3 8]
 [8 2 1 5 3 7 4 6 9]
 [7 3 6 4 8 9 2 1 5]
 [2 9 5 3 8 6 1 7 4]
 [1 8 4 9 7 2 3 6 5]
 [3 6 7 1 5 4 8 9 2]]
Fitness: 16.666666666666664

Generation 183
Best ind: 
[[9 7 2 8 1 3 5 4 6]
 [6 1 8 7 4 5 9 2 3]
 [4 5 3 6 9 2 1 8 7]
 [5 4 9 2 6 1 7 3 8]
 [8 2 1 5 3 7 4 6 9]
 [7 3 6 4 9 8 2 1 5]
 [2 9 5 3 8 6 1 7 4]
 [1 8 4 9 7 2 3 6 5]
 [3 6 7 1 5 4 8 9 2]]
Fitness: 16.666666666666664

Generation 184
Best ind: 
[[9 7 2 8 1 3 5 4 6]
 [6 1 8 7 4 5 9 2 3]
 [4 5 3 6 9 2 1 8 7]
 [5 4 9 2 6 1 7 3 8]
 [8 2 1 5 3 7 4 6 9]
 [7 3 6 4 9 8 2 1 5]
 [2 9 5 3 8 6 1 7 4]
 [1 8 4 9 7 2 3 6 5]
 [3 6 7 1 5 4 8 9 2]]
Fitness: 16.666666666666664

Generation 185
Best ind: 
[[9 7 2 8 1 3 5 4 6]
 [6 1 8 7 4 5 9 2 3]
 [4 5 3 6 9 2 1 8 7]
 [5 4 9 2 6 1 7 3 8]
 [8 2 1 5 3 7 4 6 9]
 [7 3 6 4 8 9 2 1 5]
 [2 9 5 3 8 6 1 7 4]
 [1 8 4 9 7 2 3 6 5]
 [3 6 7 1 5 4 8 9 2]]
Fitness: 16.666666666666664

Generation 186
Best ind: 
[[9 7 2 8 1 3 5 4 6]
 [6 1 8 7 4 5 9 2 3]
 [4 5 3 6 9 2 1 8 7]
 [5 4 9 2 6 1 7 3 8]
 [8 2 1 5 3 7 4 6 9]
 [7 3 6 4 8 9 2 1 5]
 [2 9 5 3 8 6 1 7 4]
 [1 8 4 9 7 2 3 6 5]
 [3 6 7 1 5 4 8 9 2]]
Fitness: 16.666666666666664

Generation 187
Best ind: 
[[9 7 2 8 1 3 5 4 6]
 [6 1 8 7 4 5 9 2 3]
 [4 5 3 6 9 2 1 8 7]
 [5 4 9 2 6 1 7 3 8]
 [8 2 1 5 3 7 4 6 9]
 [7 3 6 4 9 8 2 1 5]
 [2 9 5 3 8 6 1 7 4]
 [1 8 4 9 7 2 3 6 5]
 [3 6 7 1 5 4 8 9 2]]
Fitness: 16.666666666666664

Generation 188
Best ind: 
[[9 7 2 8 1 3 5 4 6]
 [6 1 8 7 4 5 9 2 3]
 [4 5 3 6 9 2 1 8 7]
 [5 4 9 2 6 1 7 3 8]
 [8 2 1 5 3 7 4 6 9]
 [7 3 6 4 8 9 2 1 5]
 [2 9 5 3 8 6 1 7 4]
 [1 8 4 9 7 2 3 6 5]
 [3 6 7 1 5 4 8 9 2]]
Fitness: 16.666666666666664

Generation 189
Best ind: 
[[9 7 2 8 1 3 5 4 6]
 [6 1 8 7 4 5 9 2 3]
 [4 5 3 6 9 2 1 8 7]
 [5 4 9 2 6 1 7 3 8]
 [8 2 1 5 3 7 4 6 9]
 [7 3 6 4 8 9 2 1 5]
 [2 9 5 3 8 6 1 7 4]
 [1 8 4 9 7 2 3 6 5]
 [3 6 7 1 5 4 8 9 2]]
Fitness: 16.666666666666664

Generation 190
Best ind: 
[[9 7 2 8 1 3 5 4 6]
 [6 1 8 7 4 5 9 2 3]
 [4 5 3 6 9 2 1 8 7]
 [5 4 9 2 6 1 7 3 8]
 [8 2 1 5 3 7 4 6 9]
 [7 3 6 4 9 8 2 1 5]
 [2 9 5 3 8 6 1 7 4]
 [1 8 4 9 7 2 3 6 5]
 [3 6 7 1 5 4 8 9 2]]
Fitness: 16.666666666666664

Generation 191
Best ind: 
[[9 7 2 8 1 3 5 4 6]
 [6 1 8 7 4 5 9 2 3]
 [4 5 3 6 9 2 1 8 7]
 [5 4 9 2 6 1 7 3 8]
 [8 2 1 5 3 7 4 6 9]
 [7 3 6 4 8 9 2 1 5]
 [2 9 5 3 8 6 1 7 4]
 [1 8 4 9 7 2 3 6 5]
 [3 6 7 1 5 4 8 9 2]]
Fitness: 16.666666666666664

Generation 192
Best ind: 
[[9 7 2 8 1 3 5 4 6]
 [6 1 8 7 4 5 9 2 3]
 [4 5 3 6 9 2 1 8 7]
 [5 4 9 2 6 1 7 3 8]
 [8 2 1 5 3 7 4 6 9]
 [7 3 6 4 9 8 2 1 5]
 [2 9 5 3 8 6 1 7 4]
 [1 8 4 9 7 2 3 6 5]
 [3 6 7 1 5 4 8 9 2]]
Fitness: 16.666666666666664

Generation 193
Best ind: 
[[9 7 2 8 1 3 5 4 6]
 [6 1 8 7 4 5 9 2 3]
 [4 5 3 6 9 2 1 8 7]
 [5 4 9 2 6 1 7 3 8]
 [8 2 1 5 3 7 4 6 9]
 [7 3 6 4 8 9 2 1 5]
 [2 9 5 3 8 6 1 7 4]
 [1 8 4 9 7 2 3 6 5]
 [3 6 7 1 5 4 8 9 2]]
Fitness: 16.666666666666664

Generation 194
Best ind: 
[[9 7 2 8 1 3 5 4 6]
 [6 1 8 7 4 5 9 2 3]
 [4 5 3 6 9 2 1 8 7]
 [5 4 9 2 6 1 7 3 8]
 [8 2 1 5 3 7 4 6 9]
 [7 3 6 4 8 9 2 1 5]
 [2 9 5 3 8 6 1 7 4]
 [1 8 4 9 7 2 3 6 5]
 [3 6 7 1 5 4 8 9 2]]
Fitness: 16.666666666666664

Generation 195
Best ind: 
[[9 7 2 8 1 3 5 4 6]
 [6 1 8 7 4 5 9 2 3]
 [4 5 3 6 9 2 1 8 7]
 [5 4 9 2 6 1 7 3 8]
 [8 2 1 5 3 7 4 6 9]
 [7 3 6 4 9 8 2 1 5]
 [2 9 5 3 8 6 1 7 4]
 [1 8 4 9 7 2 3 6 5]
 [3 6 7 1 5 4 8 9 2]]
Fitness: 16.666666666666664

Generation 196
Best ind: 
[[9 7 2 8 1 3 5 4 6]
 [6 1 8 7 4 5 9 2 3]
 [4 5 3 6 9 2 1 8 7]
 [5 4 9 2 6 1 7 3 8]
 [8 2 1 5 3 7 4 6 9]
 [7 3 6 4 8 9 2 1 5]
 [2 9 5 3 8 6 1 7 4]
 [1 8 4 9 7 2 3 6 5]
 [3 6 7 1 5 4 8 9 2]]
Fitness: 16.666666666666664

Generation 197
Best ind: 
[[9 7 2 8 1 3 5 4 6]
 [6 1 8 7 4 5 9 2 3]
 [4 5 3 6 9 2 1 8 7]
 [5 4 9 2 6 1 7 3 8]
 [8 2 1 5 3 7 4 6 9]
 [7 3 6 4 9 8 2 1 5]
 [2 9 5 3 8 6 1 7 4]
 [1 8 4 9 7 2 3 6 5]
 [3 6 7 1 5 4 8 9 2]]
Fitness: 16.666666666666664

Generation 198
Best ind: 
[[9 7 2 8 1 3 5 4 6]
 [6 1 8 7 4 5 9 2 3]
 [4 5 3 6 9 2 1 8 7]
 [5 4 9 2 6 1 7 3 8]
 [8 2 1 5 3 7 4 6 9]
 [7 3 6 4 8 9 2 1 5]
 [2 9 5 3 8 6 1 7 4]
 [1 8 4 9 7 2 3 6 5]
 [3 6 7 1 5 4 8 9 2]]
Fitness: 16.666666666666664

Generation 199
Best ind: 
[[9 7 2 8 1 3 5 4 6]
 [6 1 8 7 4 5 9 2 3]
 [4 5 3 6 9 2 1 8 7]
 [5 4 9 2 6 1 7 3 8]
 [8 2 1 5 3 7 4 6 9]
 [7 3 6 4 9 8 2 1 5]
 [2 9 5 3 8 6 1 7 4]
 [1 8 4 9 7 2 3 6 5]
 [3 6 7 1 5 4 8 9 2]]
Fitness: 16.666666666666664

Generation 200
Best ind: 
[[9 7 2 8 1 3 5 4 6]
 [6 1 8 7 4 5 9 2 3]
 [4 5 3 6 9 2 1 8 7]
 [5 4 9 2 6 1 7 3 8]
 [8 2 1 5 3 7 4 6 9]
 [7 3 6 4 8 9 2 1 5]
 [2 9 5 3 8 6 1 7 4]
 [1 8 4 9 7 2 3 6 5]
 [3 6 7 1 5 4 8 9 2]]
Fitness: 16.666666666666664
