Number of solutions = 11

[[1 2 3 4 5 6 7 8 9]
 [5 9 7 8 2 3 1 4 6]
 [4 8 6 1 7 9 2 3 5]
 [9 5 4 3 6 2 8 1 7]
 [8 7 2 9 4 1 6 5 3]
 [3 6 1 5 8 7 9 2 4]
 [2 3 9 7 1 4 5 6 8]
 [7 1 5 6 3 8 4 9 2]
 [6 4 8 2 9 5 3 7 1]]

[[1 2 3 4 5 6 7 8 9]
 [5 9 7 8 2 3 1 4 6]
 [4 8 6 1 7 9 2 5 3]
 [9 5 4 3 6 2 8 1 7]
 [8 7 2 9 4 1 6 3 5]
 [3 6 1 5 8 7 9 2 4]
 [2 3 9 7 1 4 5 6 8]
 [7 1 5 6 3 8 4 9 2]
 [6 4 8 2 9 5 3 7 1]]

[[1 2 3 4 5 6 7 8 9]
 [5 9 7 8 2 3 1 4 6]
 [4 8 6 1 7 9 2 3 5]
 [9 5 4 3 6 2 8 1 7]
 [8 7 2 9 4 1 6 5 3]
 [3 6 1 5 8 7 4 9 2]
 [7 3 9 2 1 4 5 6 8]
 [2 1 5 6 3 8 9 7 4]
 [6 4 8 7 9 5 3 2 1]]

[[1 2 3 4 5 6 7 8 9]
 [5 9 7 8 2 3 1 4 6]
 [4 8 6 1 7 9 2 5 3]
 [9 5 4 6 3 2 8 1 7]
 [8 7 2 9 4 1 6 3 5]
 [3 6 1 5 8 7 9 2 4]
 [2 3 9 7 1 4 5 6 8]
 [7 1 5 3 6 8 4 9 2]
 [6 4 8 2 9 5 3 7 1]]

[[1 2 3 4 5 6 7 8 9]
 [5 9 7 8 2 3 1 4 6]
 [4 8 6 1 7 9 2 3 5]
 [9 5 4 6 3 2 8 1 7]
 [8 7 2 9 4 1 6 5 3]
 [3 6 1 5 8 7 9 2 4]
 [2 3 9 7 1 4 5 6 8]
 [7 1 5 3 6 8 4 9 2]
 [6 4 8 2 9 5 3 7 1]]

[[1 2 3 4 5 6 7 8 9]
 [9 5 7 8 2 3 1 4 6]
 [4 8 6 1 7 9 2 5 3]
 [5 9 4 3 6 2 8 1 7]
 [8 7 2 9 4 1 6 3 5]
 [3 6 1 5 8 7 9 2 4]
 [2 3 9 7 1 4 5 6 8]
 [7 1 5 6 3 8 4 9 2]
 [6 4 8 2 9 5 3 7 1]]

[[1 2 3 4 5 6 7 8 9]
 [9 5 7 8 2 3 1 4 6]
 [4 8 6 1 7 9 2 3 5]
 [5 9 4 3 6 2 8 1 7]
 [8 7 2 9 4 1 5 6 3]
 [3 6 1 5 8 7 9 2 4]
 [2 3 9 7 1 4 6 5 8]
 [7 1 5 6 3 8 4 9 2]
 [6 4 8 2 9 5 3 7 1]]

[[1 2 3 4 5 6 7 8 9]
 [9 5 7 8 2 3 1 4 6]
 [4 8 6 1 7 9 2 3 5]
 [5 9 4 3 6 2 8 1 7]
 [8 7 2 9 4 1 5 6 3]
 [6 3 1 5 8 7 9 2 4]
 [2 6 9 7 1 4 3 5 8]
 [7 1 5 6 3 8 4 9 2]
 [3 4 8 2 9 5 6 7 1]]

[[1 2 3 4 5 6 7 8 9]
 [9 5 7 8 2 3 1 4 6]
 [4 8 6 1 7 9 2 3 5]
 [5 9 4 6 3 2 8 1 7]
 [8 7 2 9 4 1 5 6 3]
 [3 6 1 5 8 7 9 2 4]
 [2 3 9 7 1 4 6 5 8]
 [7 1 5 3 6 8 4 9 2]
 [6 4 8 2 9 5 3 7 1]]

[[1 2 3 4 5 6 7 8 9]
 [9 5 7 8 2 3 1 4 6]
 [4 8 6 1 7 9 2 3 5]
 [5 9 4 6 3 2 8 1 7]
 [8 7 2 9 4 1 5 6 3]
 [6 3 1 5 8 7 9 2 4]
 [2 6 9 7 1 4 3 5 8]
 [7 1 5 3 6 8 4 9 2]
 [3 4 8 2 9 5 6 7 1]]

[[1 2 3 4 5 6 7 8 9]
 [9 5 7 8 2 3 1 4 6]
 [4 8 6 1 7 9 2 3 5]
 [5 9 4 6 3 2 8 7 1]
 [8 7 2 9 4 1 5 6 3]
 [6 3 1 5 8 7 9 2 4]
 [2 6 9 7 1 4 3 5 8]
 [7 1 5 3 6 8 4 9 2]
 [3 4 8 2 9 5 6 1 7]]

