Number of solutions = 7

[[1 2 3 4 5 6 7 8 9]
 [8 6 4 9 1 7 3 2 5]
 [9 7 5 3 2 8 6 1 4]
 [4 8 7 5 6 1 2 9 3]
 [3 5 2 8 9 4 1 7 6]
 [6 1 9 2 7 3 5 4 8]
 [7 3 1 6 8 9 4 5 2]
 [2 9 6 7 4 5 8 3 1]
 [5 4 8 1 3 2 9 6 7]]

[[1 2 3 4 5 6 7 8 9]
 [8 6 4 9 2 7 3 1 5]
 [7 9 5 3 8 1 6 2 4]
 [4 8 7 6 1 5 2 9 3]
 [3 5 2 8 4 9 1 7 6]
 [6 1 9 2 7 3 5 4 8]
 [9 3 1 7 6 8 4 5 2]
 [2 7 6 5 9 4 8 3 1]
 [5 4 8 1 3 2 9 6 7]]

[[1 2 3 4 5 6 7 8 9]
 [8 6 4 9 2 7 3 1 5]
 [7 9 5 3 8 1 6 2 4]
 [4 8 7 6 1 5 2 9 3]
 [3 5 2 8 4 9 1 6 7]
 [6 1 9 2 7 3 5 4 8]
 [9 3 1 7 6 8 4 5 2]
 [2 7 6 5 9 4 8 3 1]
 [5 4 8 1 3 2 9 7 6]]

[[1 2 3 4 5 6 7 8 9]
 [8 6 4 9 2 7 3 1 5]
 [7 9 5 3 8 1 6 2 4]
 [4 8 7 6 1 5 2 9 3]
 [3 5 2 8 7 9 1 4 6]
 [6 1 9 2 4 3 5 7 8]
 [9 3 1 7 6 8 4 5 2]
 [2 7 6 5 9 4 8 3 1]
 [5 4 8 1 3 2 9 6 7]]

[[1 2 3 4 5 6 7 8 9]
 [8 6 4 9 1 7 3 2 5]
 [9 7 5 3 2 8 6 1 4]
 [4 8 7 5 6 1 2 9 3]
 [3 5 2 8 9 4 1 7 6]
 [6 1 9 2 7 3 5 4 8]
 [7 3 1 6 8 9 4 5 2]
 [2 9 6 1 4 5 8 3 7]
 [5 4 8 7 3 2 9 6 1]]

[[1 2 3 4 5 6 7 8 9]
 [8 6 4 9 1 7 3 2 5]
 [9 7 5 3 2 8 6 1 4]
 [4 8 7 5 6 1 2 9 3]
 [3 5 2 8 9 4 1 6 7]
 [6 1 9 2 7 3 5 4 8]
 [7 3 1 6 8 9 4 5 2]
 [2 9 6 7 4 5 8 3 1]
 [5 4 8 1 3 2 9 7 6]]

[[1 2 3 4 5 6 7 8 9]
 [8 6 4 9 1 7 3 2 5]
 [9 7 5 3 2 8 6 1 4]
 [4 8 7 2 6 1 5 9 3]
 [3 5 2 8 9 4 1 7 6]
 [6 1 9 5 7 3 2 4 8]
 [7 3 1 6 8 9 4 5 2]
 [2 9 6 7 4 5 8 3 1]
 [5 4 8 1 3 2 9 6 7]]

