Number of solutions = 54

[[ 1  2  3  4  5  6  7  8  9 10 11 12 13 14 15 16]
 [ 5 15 11  9  3 13 16  2  1 14  6  7  8  4 10 12]
 [13 14 16  6 12 10  4  9  5 15  8  3  2  1 11  7]
 [12  8 10  7  1 11 14 15 16  2 13  4  3  9  6  5]
 [ 2  3  6  5 16 14 13 11  8  4 15  1 12 10  7  9]
 [11  4 15  1 10  9 12  3  7  5 14  2 16 13  8  6]
 [ 9 13 14 16  8  2  1  7 10  3 12  6  4 11  5 15]
 [10 12  7  8 15  4  6  5 13  9 16 11 14  2  3  1]
 [ 3 16  9 12  4  7  5 13 15  8  2 14 10  6  1 11]
 [ 7 10  1 14 11 15  3  6 12 13  4  9  5 16  2  8]
 [ 4  5  8 13  9 12  2 16 11  6  1 10 15  7 14  3]
 [ 6 11  2 15 14  1  8 10  3  7  5 16  9 12 13  4]
 [14  1  4  3 13 16 15 12  2 11  7  8  6  5  9 10]
 [15  7 12 10  2  5  9  4  6  1  3 13 11  8 16 14]
 [16  9  5  2  6  8 11  1 14 12 10 15  7  3  4 13]
 [ 8  6 13 11  7  3 10 14  4 16  9  5  1 15 12  2]]

[[ 1  2  3  4  5  6  7  8  9 10 11 12 13 14 15 16]
 [ 5 15 11  9  3 13  2 16  1 14  6  7  8  4 10 12]
 [13 14 16  6 12 10  4  9  5 15  8  3  2  1 11  7]
 [12  8 10  7  1 11 14 15 16  2 13  4  3  9  6  5]
 [ 2  3  6  5 16 14 13 11  8  4 15  1 12 10  7  9]
 [11  4 15  1 10  9 12  3  7  5 14  2 16 13  8  6]
 [ 9 13 14 16  8  2  1  7 10  3 12  6  4 11  5 15]
 [10 12  7  8 15  4  6  5 13  9 16 11 14  2  3  1]
 [ 3 16  9 12  4  7  5 13 15  8  2 14 10  6  1 11]
 [ 7 10  1 14 11 15  3  6 12 13  4  9  5 16  2  8]
 [ 4  5  8 13  9 12 16  2 11  6  1 10 15  7 14  3]
 [ 6 11  2 15 14  1  8 10  3  7  5 16  9 12 13  4]
 [14  1  4  3 13 16 15 12  2 11  7  8  6  5  9 10]
 [15  7 12 10  2  5  9  4  6  1  3 13 11  8 16 14]
 [16  9  5  2  6  8 11  1 14 12 10 15  7  3  4 13]
 [ 8  6 13 11  7  3 10 14  4 16  9  5  1 15 12  2]]

[[ 1  2  3  4  5  6  7  8  9 10 11 12 13 14 15 16]
 [ 5 15 11  9  3 13 16  2  1 14  6  7  8  4 10 12]
 [13 14 16  6 12 10  4  9  5 15  8  3  2  1 11  7]
 [12  8 10  7  1 11 14 15 16  2 13  4  3  9  6  5]
 [ 2  3  6  5 16 14 13 11  8  4 15  1 12 10  7  9]
 [11  4 15  1 10  9 12  3  7  5 14  2 16 13  8  6]
 [ 9 13 14 16  8  2  1  7 10  3 12  6  4 11  5 15]
 [10 12  7  8 15  4  6  5 13  9 16 11 14  2  3  1]
 [ 3 16  9 12  4  7  5 13 15  8  2 14 10  6  1 11]
 [ 7 10  1 14 11 15  3  6 12 13  4  9  5 16  2  8]
 [ 4  5  8 13  9 12  2 10 11  6  1 16 15  7 14  3]
 [ 6 11  2 15 14  1  8 16  3  7  5 10  9 12 13  4]
 [14  1  4  3 13 16 15 12  2 11  7  8  6  5  9 10]
 [15  7 12 10  2  5  9  4  6  1  3 13 11  8 16 14]
 [16  9  5  2  6  8 11  1 14 12 10 15  7  3  4 13]
 [ 8  6 13 11  7  3 10 14  4 16  9  5  1 15 12  2]]

[[ 1  2  3  4  5  6  7  8  9 10 11 12 13 14 15 16]
 [ 5 15 11  9  3 13  2 16  1 14  6  7  8  4 10 12]
 [13 14 16  6 12 10  4  9  5 15  8  3  2  1 11  7]
 [12  8 10  7  1 11 14 15 16  2 13  4  3  9  6  5]
 [ 2  3  6  5 16 14 13 11  8  4 15  1 12 10  7  9]
 [11  4 15  1 10  9 12  3  7  5 16  2 14 13  8  6]
 [ 9 13 14 16  8  2  1  7 10  3 12  6  4 11  5 15]
 [10 12  7  8 15  4  6  5 13  9 14 11 16  2  3  1]
 [ 3 16  9 12  4  7  5 13 15  8  2 14 10  6  1 11]
 [ 7 10  1 14 11 15  3  6 12 13  4  9  5 16  2  8]
 [ 4  5  8 13  9 12 16  2 11  6  1 10 15  7 14  3]
 [ 6 11  2 15 14  1  8 10  3  7  5 16  9 12 13  4]
 [14  1  4  3 13 16 15 12  2 11  7  8  6  5  9 10]
 [15  7 12 10  2  5  9  4  6  1  3 13 11  8 16 14]
 [16  9  5  2  6  8 11  1 14 12 10 15  7  3  4 13]
 [ 8  6 13 11  7  3 10 14  4 16  9  5  1 15 12  2]]

[[ 1  2  3  4  5  6  7  8  9 10 11 12 13 14 15 16]
 [ 5 15 11  9  3 13 16  2  1 14  6  7  8  4 10 12]
 [13 14 16  6 12 10  4  9  5 15  8  3  2  1 11  7]
 [12  8 10  7  1 11 14 15 16  2 13  4  3  9  6  5]
 [ 2  3  6  5 16 14 13 11  8  4 15  1 12 10  7  9]
 [11  4 15  1 10  9 12  3  7  5 16  2 14 13  8  6]
 [ 9 13 14 16  8  2  1  7 10  3 12  6  4 11  5 15]
 [10 12  7  8 15  4  6  5 13  9 14 11 16  2  3  1]
 [ 3 16  9 12  4  7  5 13 15  8  2 14 10  6  1 11]
 [ 7 10  1 14 11 15  3  6 12 13  4  9  5 16  2  8]
 [ 4  5  8 13  9 12  2 16 11  6  1 10 15  7 14  3]
 [ 6 11  2 15 14  1  8 10  3  7  5 16  9 12 13  4]
 [14  1  4  3 13 16 15 12  2 11  7  8  6  5  9 10]
 [15  7 12 10  2  5  9  4  6  1  3 13 11  8 16 14]
 [16  9  5  2  6  8 11  1 14 12 10 15  7  3  4 13]
 [ 8  6 13 11  7  3 10 14  4 16  9  5  1 15 12  2]]

[[ 1  2  3  4  5  6  7  8  9 10 11 12 13 14 15 16]
 [ 5 15 11  9  3 13 16  2  1 14  6  7  8  4 10 12]
 [13 14 16  6 12 10  4  9  5 15  8  3  2  1 11  7]
 [12  8 10  7  1 11 14 15 16  2 13  4  3  9  6  5]
 [ 2  3  6  5 16 14 13 11  8  4 15  1 12 10  7  9]
 [11  4 15  1 10  9 12  3  7  5 16  2 14 13  8  6]
 [ 9 13 14 16  8  2  1  7 10  3 12  6  4 11  5 15]
 [10 12  7  8 15  4  6  5 13  9 14 11 16  2  3  1]
 [ 3 16  9 12  4  7  5 13 15  8  2 14 10  6  1 11]
 [ 7 10  1 14 11 15  3  6 12 13  4  9  5 16  2  8]
 [ 4  5  8 13  9 16  2 12 11  6  1 10 15  7 14  3]
 [ 6 11  2 15 14  1  8 10  3  7  5 16  9 12 13  4]
 [14  1  4  3 13 12 15 16  2 11  7  8  6  5  9 10]
 [15  7 12 10  2  5  9  4  6  1  3 13 11  8 16 14]
 [16  9  5  2  6  8 11  1 14 12 10 15  7  3  4 13]
 [ 8  6 13 11  7  3 10 14  4 16  9  5  1 15 12  2]]

[[ 1  2  3  4  5  6  7  8  9 10 11 12 13 14 15 16]
 [ 5 15 11  9  3 13 16  2  1 14  6  7  8  4 10 12]
 [13 14 16  6 12 10  4  9  5 15  8  3  2  1 11  7]
 [12  8 10  7  1 11 14 15 16  2 13  4  3  9  6  5]
 [ 2  3  6  5 16 14 13 11  8  4 15  1 12 10  7  9]
 [11  4 15  1 10  9 12  3  7  5 16  2 14 13  8  6]
 [ 9 13 14 16  8  2  1  7 10  3 12  6  4 11  5 15]
 [10 12  7  8 15  4  6  5 13  9 14 11 16  2  3  1]
 [ 3 16  9 12  4  7  5 13 14  8  2 15 10  6  1 11]
 [ 7 10  1 14 11 15  3  6 12 13  4  9  5 16  2  8]
 [ 4  5  8 13  9 12  2 16 11  6  1 10 15  7 14  3]
 [ 6 11  2 15 14  1  8 10  3  7  5 16  9 12 13  4]
 [14  1  4  3 13 16 15 12  2 11  7  8  6  5  9 10]
 [15  7 12 10  2  5  9  4  6  1  3 13 11  8 16 14]
 [16  9  5  2  6  8 11  1 15 12 10 14  7  3  4 13]
 [ 8  6 13 11  7  3 10 14  4 16  9  5  1 15 12  2]]

[[ 1  2  3  4  5  6  7  8  9 10 11 12 13 14 15 16]
 [ 5 15 11  9  3 13 16  2  1 14  6  7  8  4 10 12]
 [13 14 16  6 12 10  4  9  5 15  8  3  2  1 11  7]
 [12  8 10  7  1 11 14 15 16  2 13  4  3  9  6  5]
 [ 2  3  6  5 16 14 13 11  8  4 15  1 12 10  7  9]
 [11  4 15  1 10  9 12  3  7  5 16  2 14 13  8  6]
 [ 9 13 14 16  8  2  1  7 10  3 12  6  4 11  5 15]
 [10 12  7  8 15  4  6  5 13  9 14 11 16  2  3  1]
 [ 3 16  9 12  4  7  5 13 15  8  2 14 10  6  1 11]
 [ 7 10  1 14 11 15  3  6 12 13  4  9  5 16  2  8]
 [ 4  5  8 13  9 12  2 16 11  6  1 10 15  7 14  3]
 [ 6 11  2 15 14  1  8 10  3  7  5 16  9 12 13  4]
 [14  6  4  3 13 16 15 12  2 11  7  8  1  5  9 10]
 [15  7 12 10  2  5  9  4  6  1  3 13 11  8 16 14]
 [16  9  5  2  6  8 11  1 14 12 10 15  7  3  4 13]
 [ 8  1 13 11  7  3 10 14  4 16  9  5  6 15 12  2]]

[[ 1  2  3  4  5  6  7  8  9 10 11 12 13 14 15 16]
 [ 5 15 11  9  3 13 16  2  1 14  6  7  8  4 10 12]
 [13 14 16  6 12 10  4  9  5 15  8  3  2  1 11  7]
 [12  8 10  7  1 11 14 15 16  2 13  4  3  9  6  5]
 [ 2  3  6  5 16 14 13 11  8  4 15  1 12 10  7  9]
 [11  4 15  1 10  9 12  3  7  5 16  2 14 13  8  6]
 [ 9 13 14 16  8  2  1  7 10  3 12  6  4 11  5 15]
 [10 12  7  8 15  4  6  5 13  9 14 11 16  2  3  1]
 [ 3 16  9 12  4  7  5 13 15  8  2 14 10  6  1 11]
 [ 7 10  1 14 11 15  3  6 12 13  4  9  5 16  2  8]
 [ 4  5  8 13  9 16  2 12 11  6  1 10 15  7 14  3]
 [ 6 11  2 15 14  1  8 10  3  7  5 16  9 12 13  4]
 [14  6  4  3 13 12 15 16  2 11  7  8  1  5  9 10]
 [15  7 12 10  2  5  9  4  6  1  3 13 11  8 16 14]
 [16  9  5  2  6  8 11  1 14 12 10 15  7  3  4 13]
 [ 8  1 13 11  7  3 10 14  4 16  9  5  6 15 12  2]]

[[ 1  2  3  4  5  6  7  8  9 10 11 12 13 14 15 16]
 [ 5 15 11  9  3 13 16  2  1 14  6  7  8  4 10 12]
 [13 14 16  6 12 10  4  9  5 15  8  3  2  1 11  7]
 [12  8 10  7  1 11 14 15 16  2 13  4  3  9  6  5]
 [ 2  3  6  5 16 14 13 11  8  4 15  1 12 10  7  9]
 [11  4 15  1 10  9 12  3  7  5 16  2 14 13  8  6]
 [ 9 13 14 16  8  2  1  7 10  3 12  6  4 11  5 15]
 [10 12  7  8 15  4  6  5 13  9 14 11 16  2  3  1]
 [ 3 16  9 12  4  7  5 13 15  8  2 14 10  6  1 11]
 [ 7 10  1 14 11 15  3  6 12 13  4  9  5 16  2  8]
 [ 4  5  8 13  2 16  9 12 11  6  1 10 15  7 14  3]
 [ 6 11  2 15 14  1  8 10  3  7  5 16  9 12 13  4]
 [14  6  4  3 13 12 15 16  2 11  7  8  1  5  9 10]
 [15  7 12 10  9  5  2  4  6  1  3 13 11  8 16 14]
 [16  9  5  2  6  8 11  1 14 12 10 15  7  3  4 13]
 [ 8  1 13 11  7  3 10 14  4 16  9  5  6 15 12  2]]

[[ 1  2  3  4  5  6  7  8  9 10 11 12 13 14 15 16]
 [ 5 15 11  9  3 13 16  2  1 14  6  7  8  4 10 12]
 [13 14 16  6 12 10  4  9  5 15  8  3  2  1 11  7]
 [12  8 10  7  1 11 14 15 16  2 13  4  3  9  6  5]
 [ 6  3  2  5 16 14 13 11  8  4 15  1 12 10  7  9]
 [11  4 15  1 10  9 12  3  7  5 16  2 14 13  8  6]
 [ 9 13 14 16  8  2  1  7 10  3 12  6  4 11  5 15]
 [10 12  7  8 15  4  6  5 13  9 14 11 16  2  3  1]
 [ 3 16  9 12  4  7  5 13 14  8  2 15 10  6  1 11]
 [ 7 10  1 14 11 15  3  6 12 13  4  9  5 16  2  8]
 [ 4  5  8 13  9 12  2 16 11  6  1 10 15  7 14  3]
 [ 2 11  6 15 14  1  8 10  3  7  5 16  9 12 13  4]
 [14  1  4  3 13 16 15 12  2 11  7  8  6  5  9 10]
 [15  7 12 10  2  5  9  4  6  1  3 13 11  8 16 14]
 [16  9  5  2  6  8 11  1 15 12 10 14  7  3  4 13]
 [ 8  6 13 11  7  3 10 14  4 16  9  5  1 15 12  2]]

[[ 1  2  3  4  5  6  7  8  9 10 11 12 13 14 15 16]
 [ 5 15 11  9  3 13 16  2  1 14  6  7  8  4 10 12]
 [13 14 16  6 12 10  4  9  5 15  8  3  2  1 11  7]
 [12  8 10  7  1 11 14 15 16  2 13  4  3  9  6  5]
 [ 2  3  6  5 16 14 13 11  8  4 15  1 12 10  7  9]
 [11  4 15  1 10  9 12  3  7  5 14  2 16 13  8  6]
 [ 9 13 14 16  8  2  1  7 10  3 12  6  4 11  5 15]
 [10 12  7  8 15  4  6  5 13  9 16 11 14  2  3  1]
 [ 3 16  9 12  4  7  5 13 15  8  2 14 10  6  1 11]
 [ 7 10  1 14 11 15  3  6 12 13  4  9  5 16  2  8]
 [ 4  5  8 13  9 12  2 16 11  6  1 10 15  7 14  3]
 [ 6 11  2 15 14  1  8 10  3  7  5 16  9 12 13  4]
 [14  1 12  3 13 16 15  4  2 11  7  8  6  5  9 10]
 [15  7  4 10  2  5  9 12  6  1  3 13 11  8 16 14]
 [16  9  5  2  6  8 11  1 14 12 10 15  7  3  4 13]
 [ 8  6 13 11  7  3 10 14  4 16  9  5  1 15 12  2]]

[[ 1  2  3  4  5  6  7  8  9 10 11 12 13 14 15 16]
 [ 5 15 11  9  3 13 16  2  1 14  6  7  8  4 10 12]
 [13 14 16  6 12 10  4  9  5 15  8  3  2  1 11  7]
 [12  8 10  7  1 11 14 15 16  2 13  4  3  9  6  5]
 [ 2  3  6  5 16 14 13 11  8  4 15  1 12 10  7  9]
 [11  4 15  1 10  9 12  3  7  5 16  2 14 13  8  6]
 [ 9 13 14 16  8  2  1  7 10  3 12  6  4 11  5 15]
 [10  7 12  8 15  4  6  5 13  9 14 11 16  2  3  1]
 [ 3 16  9 12  4  7  5 13 15  8  2 14 10  6  1 11]
 [ 7 10  1 14 11 15  3  6 12 13  4  9  5 16  2  8]
 [ 4  5  8 13  2 16  9 12 11  6  1 10 15  7 14  3]
 [ 6 11  2 15 14  1  8 10  3  7  5 16  9 12 13  4]
 [14  6  4  3 13 12 15 16  2 11  7  8  1  5  9 10]
 [15 12  7 10  9  5  2  4  6  1  3 13 11  8 16 14]
 [16  9  5  2  6  8 11  1 14 12 10 15  7  3  4 13]
 [ 8  1 13 11  7  3 10 14  4 16  9  5  6 15 12  2]]

[[ 1  2  3  4  5  6  7  8  9 10 11 12 13 14 15 16]
 [ 5 15 11  9  3 13 16  2  1 14  6  7  8  4 10 12]
 [13 14 16  6 12 10  4  9  5 15  8  3  2  1 11  7]
 [12  8 10  7  1 11 14 15 16  2 13  4  3  9  6  5]
 [ 2  3  6  5 16 14 13 11  8  4 15  1 12 10  7  9]
 [11  4 15  1 10  9 12  3  7  5 16  2 14 13  8  6]
 [ 9 13 14 16  8  2  1  7 10  3 12  6  4 11  5 15]
 [10 12  7  8 15  5  6  4 13  9 14 11 16  2  3  1]
 [ 3 16  9 12  4  7  5 13 15  8  2 14 10  6  1 11]
 [ 7 10  1 14 11 15  3  6 12 13  4  9  5 16  2  8]
 [ 4  5  8 13  9 12  2 16 11  6  1 10 15  7 14  3]
 [ 6 11  2 15 14  1  8 10  3  7  5 16  9 12 13  4]
 [14  1  4  3 13 16 15 12  2 11  7  8  6  5  9 10]
 [15  7 12 10  2  4  9  5  6  1  3 13 11  8 16 14]
 [16  9  5  2  6  8 11  1 14 12 10 15  7  3  4 13]
 [ 8  6 13 11  7  3 10 14  4 16  9  5  1 15 12  2]]

[[ 1  2  3  4  5  6  7  8  9 10 11 12 13 14 15 16]
 [ 5 15 11  9  3 13 16  2  1 14  6  7  8  4 10 12]
 [13 14 16  6 12 10  4  9  5 15  8  3  2  1 11  7]
 [12  8 10  7  1 11 14 15 16  2 13  4  3  9  6  5]
 [ 2  3  6  5 16 14 13 11  8  4 15  1 12 10  7  9]
 [11  4 15  1 10  9 12  3  7  5 16  2 14 13  8  6]
 [ 9 13 14 16  8  2  1  7 10  3 12  6  4 11  5 15]
 [10 12  7  8 15  5  6  4 13  9 14 11 16  2  3  1]
 [ 3 16  9 12  4  7  5 13 14  8  2 15 10  6  1 11]
 [ 7 10  1 14 11 15  3  6 12 13  4  9  5 16  2  8]
 [ 4  5  8 13  9 12  2 16 11  6  1 10 15  7 14  3]
 [ 6 11  2 15 14  1  8 10  3  7  5 16  9 12 13  4]
 [14  1  4  3 13 16 15 12  2 11  7  8  6  5  9 10]
 [15  7 12 10  2  4  9  5  6  1  3 13 11  8 16 14]
 [16  9  5  2  6  8 11  1 15 12 10 14  7  3  4 13]
 [ 8  6 13 11  7  3 10 14  4 16  9  5  1 15 12  2]]

[[ 1  2  3  4  5  6  7  8  9 10 11 12 13 14 15 16]
 [ 5 14 11  9  3 13  2 16  1 15  6  7  8  4 10 12]
 [13 15 16  6 12 10  4  9  5 14  8  3  2  1 11  7]
 [12  8 10  7  1 11 14 15 16  2 13  4  3  9  6  5]
 [ 2  3  6  5 16 14 13 11  8  4 15  1 12 10  7  9]
 [11  4 15  1 10  9 12  3  7  5 16  2 14 13  8  6]
 [ 9 13 14 16  8  2  1  7 10  3 12  6  4 11  5 15]
 [10 12  7  8 15  4  6  5 13  9 14 11 16  2  3  1]
 [ 3 16  9 12  4  7  5 13 15  8  2 14 10  6  1 11]
 [ 7 10  1 14 11 15  3  6 12 13  4  9  5 16  2  8]
 [ 4  5  8 13  9 12 16  2 11  6  1 10 15  7 14  3]
 [ 6 11  2 15 14  1  8 10  3  7  5 16  9 12 13  4]
 [14  1  4  3 13 16 15 12  2 11  7  8  6  5  9 10]
 [15  7 12 10  2  5  9  4  6  1  3 13 11  8 16 14]
 [16  9  5  2  6  8 11  1 14 12 10 15  7  3  4 13]
 [ 8  6 13 11  7  3 10 14  4 16  9  5  1 15 12  2]]

[[ 1  2  3  4  5  6  7  8  9 10 11 12 13 14 15 16]
 [ 5 15 11  9  3 13  2 16  1 14  6  7  8  4 10 12]
 [13 14 16  6 12 10  4  9  5 15  8  3  2  1 11  7]
 [12  8 10  7  1 11 14 15 16  2 13  4  3  9  6  5]
 [ 2  3  6  5 16 14 13 11  8  4 15  1 12 10  7  9]
 [11  4 15  1 10  9 12  3  7  5 16  2 14 13  8  6]
 [ 9 13 14 16  8  2  1  7 10  3 12  6  4 11  5 15]
 [10 12  7  8 15  5  6  4 13  9 14 11 16  2  3  1]
 [ 3 16  9 12  4  7  5 13 15  8  2 14 10  6  1 11]
 [ 7 10  1 14 11 15  3  6 12 13  4  9  5 16  2  8]
 [ 4  5  8 13  9 12 16  2 11  6  1 10 15  7 14  3]
 [ 6 11  2 15 14  1  8 10  3  7  5 16  9 12 13  4]
 [14  1  4  3 13 16 15 12  2 11  7  8  6  5  9 10]
 [15  7 12 10  2  4  9  5  6  1  3 13 11  8 16 14]
 [16  9  5  2  6  8 11  1 14 12 10 15  7  3  4 13]
 [ 8  6 13 11  7  3 10 14  4 16  9  5  1 15 12  2]]

[[ 1  2  3  4  5  6  7  8  9 10 11 12 13 14 15 16]
 [ 5 14 11  9  3 13  2 16  1 15  6  7  8  4 10 12]
 [13 15 16  6 12 10  9  4  5 14  8  3  2  1 11  7]
 [12  8 10  7  1 11 14 15 16  2 13  4  3  9  6  5]
 [ 2  3  6  5 16 14 13 11  8  4 15  1 12 10  7  9]
 [11  4 15  1 10  9 12  3  7  5 16  2 14 13  8  6]
 [ 9 13 14 16  8  2  1  7 10  3 12  6  4 11  5 15]
 [10 12  7  8 15  4  6  5 13  9 14 11 16  2  3  1]
 [ 3 16  9 12  4  7  5 13 15  8  2 14 10  6  1 11]
 [ 7 10  1 14 11 15  3  6 12 13  4  9  5 16  2  8]
 [ 4  5  8 13  9 12 16  2 11  6  1 10 15  7 14  3]
 [ 6 11  2 15 14  1  8 10  3  7  5 16  9 12 13  4]
 [14  1  4  3 13 16 15 12  2 11  7  8  6  5  9 10]
 [15  7 12 10  2  5  4  9  6  1  3 13 11  8 16 14]
 [16  9  5  2  6  8 11  1 14 12 10 15  7  3  4 13]
 [ 8  6 13 11  7  3 10 14  4 16  9  5  1 15 12  2]]

[[ 1  2  3  4  5  6  7  8  9 10 11 12 13 14 15 16]
 [ 5 15 11  9  3 13 16  2  1 14  6  7  8  4 10 12]
 [13 14 16  6 12 10  9  4  5 15  8  3  2  1 11  7]
 [12  8 10  7  1 11 14 15 16  2 13  4  3  9  6  5]
 [ 2  3  6  5 16 14 13 11  8  4 15  1 12 10  7  9]
 [11  4 15  1 10  9 12  3  7  5 16  2 14 13  8  6]
 [ 9 13 14 16  8  2  1  7 10  3 12  6  4 11  5 15]
 [10 12  7  8 15  4  6  5 13  9 14 11 16  2  3  1]
 [ 3 16  9 12  4  7  5 13 15  8  2 14 10  6  1 11]
 [ 7 10  1 14 11 15  3  6 12 13  4  9  5 16  2  8]
 [ 4  5  8 13  9 16  2 12 11  6  1 10 15  7 14  3]
 [ 6 11  2 15 14  1  8 10  3  7  5 16  9 12 13  4]
 [14  1  4  3 13 12 15 16  2 11  7  8  6  5  9 10]
 [15  7 12 10  2  5  4  9  6  1  3 13 11  8 16 14]
 [16  9  5  2  6  8 11  1 14 12 10 15  7  3  4 13]
 [ 8  6 13 11  7  3 10 14  4 16  9  5  1 15 12  2]]

[[ 1  2  3  4  5  6  7  8  9 10 11 12 13 14 15 16]
 [ 5 15 11  9  3 13 16  2  1 14  6  7  8  4 10 12]
 [13 14 16  6 12 10  4  9  5 15  8  3  2  1 11  7]
 [12  8 10  7  1 11 14 15 16  2 13  4  3  9  6  5]
 [ 2  3  6  5 16 14 13 11  8  4 15  1 12 10  7  9]
 [11  4 15  1 10  9 12  3  7  5 14  2 16 13  8  6]
 [ 9 13 14 16  8  2  1  7 10  3 12  6  4 11  5 15]
 [10 12  7  8 15  4  6  5 13  9 16 11 14  2  3  1]
 [ 3 16  9 12  4  7  5 13 15  8  2 14 10  6  1 11]
 [ 7 10  1 14 11 15  3  6 12 13  4  9  5 16  2  8]
 [ 4  5  8 13  9 12  2 16 11  6  1 10 15  7 14  3]
 [ 6 11  2 15 14  1  8 10  3  7  5 16  9 12 13  4]
 [14  1 12  3 13 16 15  4  2 11  7  8  6  5  9 10]
 [ 8  7  4 10  2  5  9 12  6  1  3 13 11 15 16 14]
 [16  9  5  2  6  8 11  1 14 12 10 15  7  3  4 13]
 [15  6 13 11  7  3 10 14  4 16  9  5  1  8 12  2]]

[[ 1  2  3  4  5  6  7  8  9 10 11 12 13 14 15 16]
 [ 5 15 11  9  3 13 16  2  1 14  6  7  8 12 10  4]
 [13 14 16  6 12 10  4  9  5 15  8  3  2  1 11  7]
 [12  8 10  7  1 11 14 15 16  2 13  4  3  9  6  5]
 [ 2  3  6  5 16 14 13 11  8  4 15  1 12 10  7  9]
 [11  4 15  1 10  9 12  3  7  5 16  2 14 13  8  6]
 [ 9 13 14 16  8  2  1  7 10  3 12  6  4 11  5 15]
 [10 12  7  8 15  4  6  5 13  9 14 11 16  2  3  1]
 [ 3 16  9 12  4  7  5 13 15  8  2 14 10  6  1 11]
 [ 7 10  1 14 11 15  3  6 12 13  4  9  5 16  2  8]
 [ 4  5  8 13  2 16  9 12 11  6  1 10 15  7 14  3]
 [ 6 11  2 15 14  1  8 10  3  7  5 16  9  4 13 12]
 [14  6  4  3 13 12 15 16  2 11  7  8  1  5  9 10]
 [15  7 12 10  9  5  2  4  6  1  3 13 11  8 16 14]
 [16  9  5  2  6  8 11  1 14 12 10 15  7  3  4 13]
 [ 8  1 13 11  7  3 10 14  4 16  9  5  6 15 12  2]]

[[ 1  2  3  4  5  6  7  8  9 10 11 12 13 14 15 16]
 [ 5 15 11  9  3 13 16  2  1 14  6  7  8 12 10  4]
 [13 14 16  6 12 10  4  9  5 15  8  3  2  1 11  7]
 [12  8 10  7  1 11 14 15 16  2 13  4  3  9  6  5]
 [ 2  3  6  5 16 14 13 11  8  4 15  1 12 10  7  9]
 [11  4 15  1 10  9 12  3  7  5 16  2 14 13  8  6]
 [ 9 13 14 16  8  2  1  7 10  3 12  6  4 11  5 15]
 [10 12  7  8 15  4  6  5 13  9 14 11 16  2  3  1]
 [ 3 16  9 12  4  7  5 13 15  8  2 14 10  6  1 11]
 [ 7 10  1 14 11 15  3  6 12 13  4  9  5 16  2  8]
 [ 4  5  8 13  9 16  2 12 11  6  1 10 15  7 14  3]
 [ 6 11  2 15 14  1  8 10  3  7  5 16  9  4 13 12]
 [14  1  4  3 13 12 15 16  2 11  7  8  6  5  9 10]
 [15  7 12 10  2  5  9  4  6  1  3 13 11  8 16 14]
 [16  9  5  2  6  8 11  1 14 12 10 15  7  3  4 13]
 [ 8  6 13 11  7  3 10 14  4 16  9  5  1 15 12  2]]

[[ 1  2  3  4  5  6  7  8  9 10 11 12 13 14 15 16]
 [ 5 14 11  9  3 13 16  2  1 15  6  7  8  4 10 12]
 [13 15 16  6 12 10  4  9  5 14  8  3  2  1 11  7]
 [12  8 10  7  1 11 14 15 16  2 13  4  3  9  6  5]
 [ 2  3  6  5 16 14 13 11  8  4 15  1 12 10  7  9]
 [11  4 15  1 10  9 12  3  7  5 16  2 14 13  8  6]
 [ 9 13 14 16  8  2  1  7 10  3 12  6  4 11  5 15]
 [10 12  7  8 15  4  6  5 13  9 14 11 16  2  3  1]
 [ 3 16  9 12  4  7  5 13 15  8  2 14 10  6  1 11]
 [ 7 10  1 14 11 15  3  6 12 13  4  9  5 16  2  8]
 [ 4  5  8 13  9 12  2 16 11  6  1 10 15  7 14  3]
 [ 6 11  2 15 14  1  8 10  3  7  5 16  9 12 13  4]
 [14  1  4  3 13 16 15 12  2 11  7  8  6  5  9 10]
 [15  7 12 10  2  5  9  4  6  1  3 13 11  8 16 14]
 [16  9  5  2  6  8 11  1 14 12 10 15  7  3  4 13]
 [ 8  6 13 11  7  3 10 14  4 16  9  5  1 15 12  2]]

[[ 1  2  3  4  5  6  7  8  9 10 11 12 13 14 15 16]
 [ 5 14 11  9  3 13  2 16  1 15  6  7  8  4 10 12]
 [13 15 16  6 12 10  4  9  5 14  8  3  2  1 11  7]
 [12  8 10  7  1 11 14 15 16  2 13  4  3  9  6  5]
 [ 2  3  6  5 16 14 13 11  8  4 15  1 12 10  7  9]
 [11  4 15  1 10  9 12  3  7  5 16  2 14 13  8  6]
 [ 9 13 14 16  8  2  1  7 10  3 12  6  4 11  5 15]
 [10 12  7  8 15  5  6  4 13  9 14 11 16  2  3  1]
 [ 3 16  9 12  4  7  5 13 15  8  2 14 10  6  1 11]
 [ 7 10  1 14 11 15  3  6 12 13  4  9  5 16  2  8]
 [ 4  5  8 13  9 12 16  2 11  6  1 10 15  7 14  3]
 [ 6 11  2 15 14  1  8 10  3  7  5 16  9 12 13  4]
 [14  1  4  3 13 16 15 12  2 11  7  8  6  5  9 10]
 [15  7 12 10  2  4  9  5  6  1  3 13 11  8 16 14]
 [16  9  5  2  6  8 11  1 14 12 10 15  7  3  4 13]
 [ 8  6 13 11  7  3 10 14  4 16  9  5  1 15 12  2]]

[[ 1  2  3  4  5  6  7  8  9 10 11 12 13 14 15 16]
 [ 5 14 11  9  3 13 16  2  1 15  6  7  8  4 10 12]
 [13 15 16  6 12 10  4  9  5 14  8  3  2  1 11  7]
 [12  8 10  7  1 11 14 15 16  2 13  4  3  9  6  5]
 [ 2  3  6  5 16 14 13 11  8  4 15  1 12 10  7  9]
 [11  4 15  1 10  9 12  3  7  5 16  2 14 13  8  6]
 [ 9 13 14 16  8  2  1  7 10  3 12  6  4 11  5 15]
 [10 12  7  8 15  4  6  5 13  9 14 11 16  2  3  1]
 [ 3 16  9 12  4  7  5 13 14  8  2 15 10  6  1 11]
 [ 7 10  1 14 11 15  3  6 12 13  4  9  5 16  2  8]
 [ 4  5  8 13  9 12  2 16 11  6  1 10 15  7 14  3]
 [ 6 11  2 15 14  1  8 10  3  7  5 16  9 12 13  4]
 [14  1  4  3 13 16 15 12  2 11  7  8  6  5  9 10]
 [15  7 12 10  2  5  9  4  6  1  3 13 11  8 16 14]
 [16  9  5  2  6  8 11  1 15 12 10 14  7  3  4 13]
 [ 8  6 13 11  7  3 10 14  4 16  9  5  1 15 12  2]]

[[ 1  2  3  4  5  6  7  8  9 10 11 12 13 14 15 16]
 [ 5 14 11  9  3 13  2 16  1 15  6  7  8 12 10  4]
 [13 15 16  6 12 10  4  9  5 14  8  3  2  1 11  7]
 [12  8 10  7  1 11 14 15 16  2 13  4  3  9  6  5]
 [ 2  3  6  5 16 14 13 11  8  4 15  1 12 10  7  9]
 [11  4 15  1 10  9 12  3  7  5 16  2 14 13  8  6]
 [ 9 13 14 16  8  2  1  7 10  3 12  6  4 11  5 15]
 [10 12  7  8 15  5  6  4 13  9 14 11 16  2  3  1]
 [ 3 16  9 12  4  7  5 13 15  8  2 14 10  6  1 11]
 [ 7 10  1 14 11 15  3  6 12 13  4  9  5 16  2  8]
 [ 4  5  8 13  9 12 16  2 11  6  1 10 15  7 14  3]
 [ 6 11  2 15 14  1  8 10  3  7  5 16  9  4 13 12]
 [14  1  4  3 13 16 15 12  2 11  7  8  6  5  9 10]
 [15  7 12 10  2  4  9  5  6  1  3 13 11  8 16 14]
 [16  9  5  2  6  8 11  1 14 12 10 15  7  3  4 13]
 [ 8  6 13 11  7  3 10 14  4 16  9  5  1 15 12  2]]

[[ 1  2  3  4  5  6  7  8  9 10 11 12 13 14 15 16]
 [ 5 14 11  9  3 13 16  2  1 15  6  7  8  4 10 12]
 [13 15 16  6 12 10  9  4  5 14  8  3  2  1 11  7]
 [12  8 10  7  1 11 14 15 16  2 13  4  3  9  6  5]
 [ 2  3  6  5 16 14 13 11  8  4 15  1 12 10  7  9]
 [11  4 15  1 10  9 12  3  7  5 16  2 14 13  8  6]
 [ 9 13 14 16  8  2  1  7 10  3 12  6  4 11  5 15]
 [10 12  7  8 15  4  6  5 13  9 14 11 16  2  3  1]
 [ 3 16  9 12  4  7  5 13 15  8  2 14 10  6  1 11]
 [ 7 10  1 14 11 15  3  6 12 13  4  9  5 16  2  8]
 [ 4  5  8 13  9 12  2 16 11  6  1 10 15  7 14  3]
 [ 6 11  2 15 14  1  8 10  3  7  5 16  9 12 13  4]
 [14  1  4  3 13 16 15 12  2 11  7  8  6  5  9 10]
 [15  7 12 10  2  5  4  9  6  1  3 13 11  8 16 14]
 [16  9  5  2  6  8 11  1 14 12 10 15  7  3  4 13]
 [ 8  6 13 11  7  3 10 14  4 16  9  5  1 15 12  2]]

[[ 1  2  3  4  5  6  7  8  9 10 11 12 13 14 15 16]
 [ 5 14 11  9  3 13 16  2  1 15  6  7  8  4 10 12]
 [13 15 16  6 12 10  4  9  5 14  8  3  2  1 11  7]
 [12  8 10  7  1 11 14 15 16  2 13  4  3  9  6  5]
 [ 2  3  6  5 16 14 13 11  8  4 15  1 12 10  7  9]
 [11  4 15  1 10  9 12  3  7  5 16  2 14 13  8  6]
 [ 9 13 14 16  8  2  1  7 10  3 12  6  4 11  5 15]
 [10 12  7  8 15  4  6  5 13  9 14 11 16  2  3  1]
 [ 3 16  9 12  4  7  5 13 14  8  2 15 10  6  1 11]
 [ 7 10  1 14 11 15  3  6 12 13  4  9  5 16  2  8]
 [ 4  5  8 13  9 16  2 12 11  6  1 10 15  7 14  3]
 [ 6 11  2 15 14  1  8 10  3  7  5 16  9 12 13  4]
 [14  1  4  3 13 12 15 16  2 11  7  8  6  5  9 10]
 [15  7 12 10  2  5  9  4  6  1  3 13 11  8 16 14]
 [16  9  5  2  6  8 11  1 15 12 10 14  7  3  4 13]
 [ 8  6 13 11  7  3 10 14  4 16  9  5  1 15 12  2]]

[[ 1  2  3  4  5  6  7  8  9 10 11 12 13 14 15 16]
 [ 5 14 11  9  3 13  2 16  1 15  6  7  8  4 10 12]
 [13 15 16  6 12 10  4  9  5 14  8  3  2  1 11  7]
 [12  8 10  7  1 11 14 15 16  2 13  4  3  9  6  5]
 [ 2  3  6  5 16 14 13 11  8  4 15  1 12 10  7  9]
 [11  4 15  1 10  9 12  3  7  5 16  2 14 13  8  6]
 [ 9 13 14 16  8  2  1  7 10  3 12  6  4 11  5 15]
 [10 12  7  8 15  4  6  5 13  9 14 11 16  2  3  1]
 [ 3 16  9 12  4  7  5 13 15  8  2 14 10  6  1 11]
 [ 7 10  1 14 11 15  3  6 12 13  4  9  5 16  2  8]
 [ 4  5  8 13  9 12 16  2 11  6  1 10 15  7 14  3]
 [ 6 11  2 15 14  1  8 10  3  7  5 16  9 12  4 13]
 [14  1  4  3 13 16 15 12  2 11  7  8  6  5  9 10]
 [15  7 12 10  2  5  9  4  6  1  3 13 11  8 16 14]
 [16  9  5  2  6  8 11  1 14 12 10 15  7  3 13  4]
 [ 8  6 13 11  7  3 10 14  4 16  9  5  1 15 12  2]]

[[ 1  2  3  4  5  6  7  8  9 10 11 12 13 14 15 16]
 [ 5 15 11  9  3 13 16  2  1 14  6  7  8 12 10  4]
 [13 14 16  6 12 10  4  9  5 15  8  3  2  1 11  7]
 [12  8 10  7  1 11 14 15 16  2 13  4  3  9  6  5]
 [ 6  3  2  5 16 14 13 11  8  4 15  1 12 10  7  9]
 [11  4 15  1 10  9 12  3  7  5 16  2 14 13  8  6]
 [ 9 13 14 16  8  2  1  7 10  3 12  6  4 11  5 15]
 [10 12  7  8 15  4  6  5 13  9 14 11 16  2  3  1]
 [ 3 16  9 12  4  7  5 13 15  8  2 14 10  6  1 11]
 [ 7 10  1 14 11 15  3  6 12 13  4  9  5 16  2  8]
 [ 4  5  8 13  9 16  2 12 11  6  1 10 15  7 14  3]
 [ 2 11  6 15 14  1  8 10  3  7  5 16  9  4 13 12]
 [14  1  4  3 13 12 15 16  2 11  7  8  6  5  9 10]
 [15  7 12 10  2  5  9  4  6  1  3 13 11  8 16 14]
 [16  9  5  2  6  8 11  1 14 12 10 15  7  3  4 13]
 [ 8  6 13 11  7  3 10 14  4 16  9  5  1 15 12  2]]

[[ 1  2  3  4  5  6  7  8  9 10 11 12 13 14 15 16]
 [ 5 14 11  9  3 13 16  2  1 15  6  7  8  4 10 12]
 [13 15 16  6  9 10  4 12  5 14  8  3  2  1 11  7]
 [12  8 10  7  1 11 14 15 16  2 13  4  3  9  6  5]
 [ 2  3  6  5 16 14 13 11  8  4 15  1 12 10  7  9]
 [11  4 15  1 10  9 12  3  7  5 16  2 14 13  8  6]
 [ 9 13 14 16  8  2  1  7 10  3 12  6  4 11  5 15]
 [10 12  7  8 15  4  6  5 13  9 14 11 16  2  3  1]
 [ 3 16  9 12  4  7  5 13 14  8  2 15 10  6  1 11]
 [ 7 10  1 14 11 15  3  6 12 13  4  9  5 16  2  8]
 [ 4  5  8 13 12 16  2  9 11  6  1 10 15  7 14  3]
 [ 6 11  2 15 14  1  8 10  3  7  5 16  9 12 13  4]
 [14  1  4  3 13 12 15 16  2 11  7  8  6  5  9 10]
 [15  7 12 10  2  5  9  4  6  1  3 13 11  8 16 14]
 [16  9  5  2  6  8 11  1 15 12 10 14  7  3  4 13]
 [ 8  6 13 11  7  3 10 14  4 16  9  5  1 15 12  2]]

[[ 1  2  3  4  5  6  7  8  9 10 11 12 13 14 15 16]
 [ 5 14 11  9  3 13 16  2  1 15  6  7  8  4 10 12]
 [13 15 16  6 12 10  4  9  5 14  8  3  2  1 11  7]
 [12  8 10  7  1 11 14 15 16  2 13  4  3  9  6  5]
 [ 2  3  6  5 16 14 13 11  8  4 15  1 12 10  7  9]
 [11  4 15  1 10  9 12  3  7  5 16  2 14 13  8  6]
 [ 9 13 14 16  8  2  1  7 10  3 12  6  4 11  5 15]
 [10 12  7  8 15  4  6  5 13  9 14 11 16  2  3  1]
 [ 3 16  9 12  4  7  5 13 15  8  2 14 10  6  1 11]
 [ 7 10  1 14 11 15  3  6 12 13  4  9  5 16  2  8]
 [ 4  5  8 13  9 12  2 16 11  6  1 10 15  7 14  3]
 [ 6 11  2 15 14  1  8 10  3  7  5 16  9 12 13  4]
 [14  1  4  3 13 16 15 12  2 11  7  8  6  5  9 10]
 [ 8  7 12 10  2  5  9  4  6  1  3 13 11 15 16 14]
 [16  9  5  2  6  8 11  1 14 12 10 15  7  3  4 13]
 [15  6 13 11  7  3 10 14  4 16  9  5  1  8 12  2]]

[[ 1  2  3  4  5  6  7  8  9 10 11 12 13 14 15 16]
 [ 5 14 11  9  3 13 16  2  1 15  6  7  8  4 10 12]
 [13 15 16  6 12 10  4  9  5 14  8  3  2  1 11  7]
 [12  8 10  7  1 11 14 15 16  2 13  4  3  9  6  5]
 [ 2  3  6  5 16 14 13 11  8  4 15  1 12 10  7  9]
 [11  4 15  1 10  9 12  3  7  5 16  2 14 13  8  6]
 [ 9 13 14 16  8  2  1  7 10  3 12  6  4 11  5 15]
 [10 12  7  8 15  4  6  5 13  9 14 11 16  2  3  1]
 [ 3 16  9 12  4  7  5 13 15  8  2 14 10  6  1 11]
 [ 7 10  1 14 11 15  3  6 12 13  4  9  5 16  2  8]
 [ 4  5  8 13  9 16  2 12 11  6  1 10 15  7 14  3]
 [ 6 11  2 15 14  1  8 10  3  7  5 16  9 12 13  4]
 [14  1  4  3 13 12 15 16  2 11  7  8  6  5  9 10]
 [15  7 12 10  2  5  9  4  6  1  3 13 11  8 16 14]
 [16  9  5  2  6  8 11  1 14 12 10 15  7  3  4 13]
 [ 8  6 13 11  7  3 10 14  4 16  9  5  1 15 12  2]]

[[ 1  2  3  4  5  6  7  8  9 10 11 12 13 14 15 16]
 [ 5 14 11  9  3 13 16  2  1 15  6  7  8  4 10 12]
 [13 15 16  6 12 10  4  9  5 14  8  3  2  1 11  7]
 [12  8 10  7  1 11 14 15 16  2 13  4  3  9  6  5]
 [ 2  3  6  5 16 14 13 11  8  4 15  1 12 10  7  9]
 [11  4 15  1 10  9 12  3  7  5 16  2 14 13  8  6]
 [ 9 13 14 16  8  2  1  7 10  3 12  6  4 11  5 15]
 [10 12  7  8 15  4  6  5 13  9 14 11 16  2  3  1]
 [ 3 16  9 12  4  7  5 13 15  8  2 14 10  6  1 11]
 [ 7 10  1 14 11 15  3  6 12 13  4  9  5 16  2  8]
 [ 4  5  8 13  9 12  2 16 11  6  1 10 15  7 14  3]
 [ 6 11  2 15 14  1  8 10  3  7  5 16  9 12  4 13]
 [14  1  4  3 13 16 15 12  2 11  7  8  6  5  9 10]
 [15  7 12 10  2  5  9  4  6  1  3 13 11  8 16 14]
 [16  9  5  2  6  8 11  1 14 12 10 15  7  3 13  4]
 [ 8  6 13 11  7  3 10 14  4 16  9  5  1 15 12  2]]

[[ 1  2  3  4  5  6  7  8  9 10 11 12 13 14 15 16]
 [ 5 14 11  9  3 13 16  2  1 15  6  7  8  4 10 12]
 [13 15 16  6 12 10  4  9  5 14  8  3  2  1 11  7]
 [12  8 10  7  1 11 14 15 16  2 13  4  3  9  6  5]
 [ 2  3  6  5 16 14 13 11  8  4 15  1 12 10  7  9]
 [11  4 15  1 10  9 12  3  7  5 16  2 14 13  8  6]
 [ 9 13 14 16  8  2  1  7 10  3 12  6  4 11  5 15]
 [10 12  7  8 15  5  6  4 13  9 14 11 16  2  3  1]
 [ 3 16  9 12  4  7  5 13 15  8  2 14 10  6  1 11]
 [ 7 10  1 14 11 15  3  6 12 13  4  9  5 16  2  8]
 [ 4  5  8 13  9 16  2 12 11  6  1 10 15  7 14  3]
 [ 6 11  2 15 14  1  8 10  3  7  5 16  9 12 13  4]
 [14  1  4  3 13 12 15 16  2 11  7  8  6  5  9 10]
 [15  7 12 10  2  4  9  5  6  1  3 13 11  8 16 14]
 [16  9  5  2  6  8 11  1 14 12 10 15  7  3  4 13]
 [ 8  6 13 11  7  3 10 14  4 16  9  5  1 15 12  2]]

[[ 1  2  3  4  5  6  7  8  9 10 11 12 13 14 15 16]
 [ 5 14 11  9  3 13 16  2  1 15  6  7  8  4 10 12]
 [13 15 16  6 12 10  4  9  5 14  8  3  2  1 11  7]
 [12  8 10  7  1 11 14 15 16  2 13  4  3  9  6  5]
 [ 2  3  6  5 16 14 13 11  8  4 15  1 12 10  7  9]
 [11  4 15  1 10  9 12  3  7  5 16  2 14 13  8  6]
 [ 9 13 14 16  8  2  1  7 10  3 12  6  4 11  5 15]
 [10 12  7  8 15  4  6  5 13  9 14 11 16  2  3  1]
 [ 3 16  9 12  4  7  5 13 15  8  2 14 10  6  1 11]
 [ 7 10  1 14 11 15  3  6 12 13  4  9  5 16  2  8]
 [ 4  5  8 13  9 12  2 10 11  6  1 16 15  7 14  3]
 [ 6 11  2 15 14  1  8 16  3  7  5 10  9 12 13  4]
 [14  1  4  3 13 16 15 12  2 11  7  8  6  5  9 10]
 [ 8  7 12 10  2  5  9  4  6  1  3 13 11 15 16 14]
 [16  9  5  2  6  8 11  1 14 12 10 15  7  3  4 13]
 [15  6 13 11  7  3 10 14  4 16  9  5  1  8 12  2]]

[[ 1  2  3  4  5  6  7  8  9 10 11 12 13 14 15 16]
 [ 5 14 11  9  3 13  2 16  1 15  6  7  8  4 10 12]
 [13 15 16  6 12 10  4  9  5 14  8  3  2  1 11  7]
 [12  8 10  7  1 11 14 15 16  2 13  4  3  9  6  5]
 [ 2  3  6  5 16 14 13 11  8  4 15  1 12 10  7  9]
 [11  4 15  1 10  5 12  3  7  9 16  2 14 13  8  6]
 [ 9 13 14 16  8  2  1  7 10  3 12  6  4 11  5 15]
 [10 12  7  8 15  9  6  4 13  5 14 11 16  2  3  1]
 [ 3 16  9 12  4  7  5 13 15  8  2 14 10  6  1 11]
 [ 7 10  1 14 11 15  3  6 12 13  4  9  5 16  2  8]
 [ 4  5  8 13  9 12 16  2 11  6  1 10 15  7 14  3]
 [ 6 11  2 15 14  1  8 10  3  7  5 16  9 12 13  4]
 [14  1  4  3 13 16 15 12  2 11  7  8  6  5  9 10]
 [15  7 12 10  2  4  9  5  6  1  3 13 11  8 16 14]
 [16  9  5  2  6  8 11  1 14 12 10 15  7  3  4 13]
 [ 8  6 13 11  7  3 10 14  4 16  9  5  1 15 12  2]]

[[ 1  2  3  4  5  6  7  8  9 10 11 12 13 14 15 16]
 [ 5 14 11  9  3 13 16  2  1 15  6  7  8 12 10  4]
 [13 15 16  6 12 10  4  9  5 14  8  3  2  1 11  7]
 [12  8 10  7  1 11 14 15 16  2 13  4  3  9  6  5]
 [ 2  3  6  5 16 14 13 11  8  4 15  1 12 10  7  9]
 [11  4 15  1 10  9 12  3  7  5 16  2 14 13  8  6]
 [ 9 13 14 16  8  2  1  7 10  3 12  6  4 11  5 15]
 [10 12  7  8 15  4  6  5 13  9 14 11 16  2  3  1]
 [ 3 16  9 12  4  7  5 13 15  8  2 14 10  6  1 11]
 [ 7 10  1 14 11 15  3  6 12 13  4  9  5 16  2  8]
 [ 4  5  8 13  9 12  2 16 11  6  1 10 15  7 14  3]
 [ 6 11  2 15 14  1  8 10  3  7  5 16  9  4 13 12]
 [14  1  4  3 13 16 15 12  2 11  7  8  6  5  9 10]
 [ 8  7 12 10  2  5  9  4  6  1  3 13 11 15 16 14]
 [16  9  5  2  6  8 11  1 14 12 10 15  7  3  4 13]
 [15  6 13 11  7  3 10 14  4 16  9  5  1  8 12  2]]

[[ 1  2  3  4  5  6  7  8  9 10 11 12 13 14 15 16]
 [ 5 15 11  9  3 13 16  2  1 14  6  7  8  4 10 12]
 [13 14 16  6 12 10  4  9  5 15  8  3  2  1 11  7]
 [12  8 10  7  1 11 14 15 16  2 13  4  3  9  6  5]
 [ 2  3  6  5 16 14 13 11  8  4 15  1 12 10  7  9]
 [11  4 15  1 10  9 12  3  7  5 16  2 14 13  8  6]
 [ 9 13 14 16  8  2  1  7 10  3 12  6  4 11  5 15]
 [10 12  7  8 15  5  6  4 13  9 14 11 16  2  3  1]
 [ 3 16  9 12  4  7  5 13 15  8  2 14 10  6  1 11]
 [ 7 10  1 14 11 15  3  6 12 13  4  9  5 16  2  8]
 [ 4  5  8 13  2 16  9 12 11  6  1 10 15  7 14  3]
 [ 6 11  2 15 14  1  8 10  3  7  5 16  9 12 13  4]
 [14  6  4  3 13 12 15 16  2 11  7  8  1  5  9 10]
 [15  7 12 10  9  4  2  5  6  1  3 13 11  8 16 14]
 [16  9  5  2  6  8 11  1 14 12 10 15  7  3  4 13]
 [ 8  1 13 11  7  3 10 14  4 16  9  5  6 15 12  2]]

[[ 1  2  3  4  5  6  7  8  9 10 11 12 13 14 15 16]
 [ 5 14 11  9  3 13  2 16  1 15  6  7  8  4 10 12]
 [13 15 16  6 12 10  4  9  5 14  8  3  2  1 11  7]
 [12  8 10  7  1 11 14 15 16  2 13  4  3  9  6  5]
 [ 6  3  2  5 16 14 13 11  8  4 15  1 12 10  7  9]
 [11  4 15  1 10  5 12  3  7  9 16  2 14 13  8  6]
 [ 9 13 14 16  8  2  1  7 10  3 12  6  4 11  5 15]
 [10 12  7  8 15  9  6  4 13  5 14 11 16  2  3  1]
 [ 3 16  9 12  4  7  5 13 15  8  2 14 10  6  1 11]
 [ 7 10  1 14 11 15  3  6 12 13  4  9  5 16  2  8]
 [ 4  5  8 13  9 12 16  2 11  6  1 10 15  7 14  3]
 [ 2 11  6 15 14  1  8 10  3  7  5 16  9 12 13  4]
 [14  1  4  3 13 16 15 12  2 11  7  8  6  5  9 10]
 [15  7 12 10  2  4  9  5  6  1  3 13 11  8 16 14]
 [16  9  5  2  6  8 11  1 14 12 10 15  7  3  4 13]
 [ 8  6 13 11  7  3 10 14  4 16  9  5  1 15 12  2]]

[[ 1  2  3  4  5  6  7  8  9 10 11 12 13 14 15 16]
 [ 5 14 11  9  3 13  2 16  1 15  6  7  8  4 10 12]
 [13 15 16  6 12 10  4  9  5 14  8  3  2  1 11  7]
 [12  8 10  7  1 11 14 15 16  2 13  4  3  9  6  5]
 [ 6  3  2  5 16 14 13 11  8  4 15  1 12 10  7  9]
 [11  4 15  1 10  9 12  3  7  5 16  2 14 13  8  6]
 [ 9 13 14 16  8  2  1  7 10  3 12  6  4 11  5 15]
 [10 12  7  8 15  4  6  5 13  9 14 11 16  2  3  1]
 [ 3 16  9 12  4  7  5 13 15  8  2 14 10  6  1 11]
 [ 7 10  1 14 11 15  3  6 12 13  4  9  5 16  2  8]
 [ 4  5  8 13  9 12 16  2 11  6  1 10 15  7 14  3]
 [ 2 11  6 15 14  1  8 10  3  7  5 16  9 12 13  4]
 [14  1  4  3 13 16 15 12  2 11  7  8  6  5  9 10]
 [15  7 12 10  2  5  9  4  6  1  3 13 11  8 16 14]
 [16  9  5  2  6  8 11  1 14 12 10 15  7  3  4 13]
 [ 8  6 13 11  7  3 10 14  4 16  9  5  1 15 12  2]]

[[ 1  2  3  4  5  6  7  8  9 10 11 12 13 14 15 16]
 [ 5 14 11  9  3 13 16  2  1 15  6  7  8  4 10 12]
 [13 15 16  6 12 10  4  9  5 14  8  3  2  1 11  7]
 [12  8 10  7  1 11 14 15 16  2 13  4  3  9  6  5]
 [ 2  3  6  5 16 14 13 11  8  4 15  1 12 10  7  9]
 [11  4  1 15 10  9 12  3  7  5 16  2 14 13  8  6]
 [ 9 13 14 16  8  2  1  7 10  3 12  6  4 11  5 15]
 [10 12  7  8 15  4  6  5 13  9 14 11 16  2  3  1]
 [ 3 16  9 12  4  7  5 13 15  8  2 14 10  6  1 11]
 [ 7 10 15 14 11  1  3  6 12 13  4  9  5 16  2  8]
 [ 4  5  8 13  9 12  2 10 11  6  1 16 15  7 14  3]
 [ 6 11  2  1 14 15  8 16  3  7  5 10  9 12 13  4]
 [14  1  4  3 13 16 15 12  2 11  7  8  6  5  9 10]
 [ 8  7 12 10  2  5  9  4  6  1  3 13 11 15 16 14]
 [16  9  5  2  6  8 11  1 14 12 10 15  7  3  4 13]
 [15  6 13 11  7  3 10 14  4 16  9  5  1  8 12  2]]

[[ 1  2  3  4  5  6  7  8  9 10 11 12 13 14 15 16]
 [ 5 14 11  9  3 13 16  2  1 15  6  7  8  4 10 12]
 [13 15 16  6 12 10  4  9  5 14  8  3  2  1 11  7]
 [12  8 10  7  1 11 14 15 16  2 13  4  3  9  6  5]
 [ 2  3  6  5 16 14 13 11  8  4 15  1 12 10  7  9]
 [11  4  1 15 10  9 12  3  7  5 16  2 14 13  8  6]
 [ 9 13 14 16  8  2  1  7 10  3 12  6  4 11  5 15]
 [10 12  7  8 15  4  6  5 13  9 14 11 16  2  3  1]
 [ 3 16  9 12  4  7  5 13 15  8  2 14 10  6  1 11]
 [ 7 10 15 14 11  1  3  6 12 13  4  9  5 16  2  8]
 [ 4  5  8 13  9 12  2 10 11  6  1 16 15  7 14  3]
 [ 6 11  2  1 14 15  8 16  3  7  5 10  9 12  4 13]
 [14  1  4  3 13 16 15 12  2 11  7  8  6  5  9 10]
 [ 8  7 12 10  2  5  9  4  6  1  3 13 11 15 16 14]
 [16  9  5  2  6  8 11  1 14 12 10 15  7  3 13  4]
 [15  6 13 11  7  3 10 14  4 16  9  5  1  8 12  2]]

[[ 1  2  3  4  5  6  7  8  9 10 11 12 13 14 15 16]
 [ 5 15 11  9  3 13 16  2  1 14  6  7  8  4 10 12]
 [13 14 16  6 12 10  4  9  5 15  8  3  2  1 11  7]
 [12  8 10  7 14 11  1 15 16  2 13  4  3  9  6  5]
 [ 2  3  6  5 16 14 13 11  8  4 15  1 12 10  7  9]
 [11  4 15  1 10  9 12  3  7  5 16  2 14 13  8  6]
 [ 9 13 14 16  1  2  8  7 10  3 12  6  4 11  5 15]
 [10 12  7  8 15  4  6  5 13  9 14 11 16  2  3  1]
 [ 3 16  9 12  4  7  5 13 15  8  2 14 10  6  1 11]
 [ 7 10  1 14 11 15  3  6 12 13  4  9  5 16  2  8]
 [ 4  5  8 13  2 16  9 12 11  6  1 10 15  7 14  3]
 [ 6 11  2 15  8  1 14 10  3  7  5 16  9 12 13  4]
 [14  6  4  3 13 12 15 16  2 11  7  8  1  5  9 10]
 [15  7 12 10  9  5  2  4  6  1  3 13 11  8 16 14]
 [16  9  5  2  6  8 11  1 14 12 10 15  7  3  4 13]
 [ 8  1 13 11  7  3 10 14  4 16  9  5  6 15 12  2]]

[[ 1  2  3  4  5  6  7  8  9 10 11 12 13 14 15 16]
 [ 5 14 11  9  3 13  2 16  1 15  6  7  8  4 10 12]
 [13 15 16  6 12 10  4  9  5 14  8  3  2  1 11  7]
 [12  8 10  7  1 11 14 15 16  2 13  4  3  9  6  5]
 [ 2  3  6  5 16 14 13 11  8  4 15  1 12 10  7  9]
 [11  4 15  1 10  5 12  3  7  9 16  2 14 13  8  6]
 [ 9 13 14 16  8  2  1  7 10  3 12  6  4 11  5 15]
 [10 12  7  8 15  9  6  4 13  5 14 11 16  2  3  1]
 [ 3 16  9 12  4  7  5 13 14  8  2 15 10  6  1 11]
 [ 7 10  1 14 11 15  3  6 12 13  4  9  5 16  2  8]
 [ 4  5  8 13  9 12 16  2 11  6  1 10 15  7 14  3]
 [ 6 11  2 15 14  1  8 10  3  7  5 16  9 12 13  4]
 [14  1  4  3 13 16 15 12  2 11  7  8  6  5  9 10]
 [15  7 12 10  2  4  9  5  6  1  3 13 11  8 16 14]
 [16  9  5  2  6  8 11  1 15 12 10 14  7  3  4 13]
 [ 8  6 13 11  7  3 10 14  4 16  9  5  1 15 12  2]]

[[ 1  2  3  4  5  6  7  8  9 10 11 12 13 14 15 16]
 [12 15 11  9  3 13 16  2  1 14  6  7  8  4 10  5]
 [13 14 16  6 12 10  4  9  5 15  8  3  2  1 11  7]
 [ 5  8 10  7  1 11 14 15 16  2 13  4  3  9  6 12]
 [ 2  3  6  5 16 14 13 11  8  4 15  1 12 10  7  9]
 [11  4 15  1 10  9 12  3  7  5 16  2 14 13  8  6]
 [ 9 13 14 16  8  2  1  7 10  3 12  6  4 11  5 15]
 [10 12  7  8 15  4  6  5 13  9 14 11 16  2  3  1]
 [ 3 16  9 12  4  7  5 13 15  8  2 14 10  6  1 11]
 [ 7 10  1 14 11 15  3  6 12 13  4  9  5 16  2  8]
 [ 4  5  8 13  2 16  9 12 11  6  1 10 15  7 14  3]
 [ 6 11  2 15 14  1  8 10  3  7  5 16  9 12 13  4]
 [14  6  4  3 13 12 15 16  2 11  7  8  1  5  9 10]
 [15  7 12 10  9  5  2  4  6  1  3 13 11  8 16 14]
 [16  9  5  2  6  8 11  1 14 12 10 15  7  3  4 13]
 [ 8  1 13 11  7  3 10 14  4 16  9  5  6 15 12  2]]

[[ 1  2  3  4  5  6  7  8  9 10 11 12 13 14 15 16]
 [ 5 14 11  9  3 13  2 16  1 15  6  7  8  4 10 12]
 [13 15 16  6 12 10  4  9  5 14  8  3  2  1 11  7]
 [12  8 10  7  1 11 14 15 16  2 13  4  3  9  6  5]
 [ 2  3  6  5 16 14 13 11  8  4 15  1 12 10  7  9]
 [11  4 15  1 10  5 12  3  7  9 16  2 14 13  8  6]
 [ 9 13 14 16  8  2  1  7 10  3 12  6  4 11  5 15]
 [10 12  7  8 15  9  6  4 13  5 14 11 16  2  3  1]
 [ 3  5  9 12  4  7 16 13 14  8  2 15 10  6  1 11]
 [ 7 10  1 14 11 15  3  6 12 13  4  9  5 16  2  8]
 [ 4 16  8 13  9 12  5  2 11  6  1 10 15  7 14  3]
 [ 6 11  2 15 14  1  8 10  3  7  5 16  9 12 13  4]
 [14  1  4  3 13 16 15 12  2 11  7  8  6  5  9 10]
 [15  7 12 10  2  4  9  5  6  1  3 13 11  8 16 14]
 [16  9  5  2  6  8 11  1 15 12 10 14  7  3  4 13]
 [ 8  6 13 11  7  3 10 14  4 16  9  5  1 15 12  2]]

[[ 1  2  3  4  5  6  7  8  9 10 11 12 13 14 15 16]
 [ 5 14 11  9  3 13 16  2  1 15  6  7  8  4 10 12]
 [13 15 16  6 12 10  4  9  5 14  8  3  2  1 11  7]
 [12  8 10  7  1 11 14 15 16  2 13  4  3  9  6  5]
 [ 2  3  6  5 16 14 13 11  8  4 15  1 12 10  7  9]
 [11  4  1 15 10  9 12  3  7  5 16  2 14 13  8  6]
 [ 9 13 14 16  8  2  1  7 10  3 12  6  4 11  5 15]
 [10 12  7  8 15  4  6  5 13  9 14 11 16  2  3  1]
 [ 3 16  9 12  4  7  5 13 15  8  2 14 10  6  1 11]
 [ 7 10 15 14 11  1  3  6 12 13  4  5  9 16  2  8]
 [ 4  5  8 13  9 12  2 10 11  6  1 16 15  7 14  3]
 [ 6 11  2  1 14 15  8 16  3  7  9 10  5 12  4 13]
 [14  1  4  3 13 16 15 12  2 11  7  8  6  5  9 10]
 [ 8  7 12 10  2  5  9  4  6  1  3 13 11 15 16 14]
 [16  9  5  2  6  8 11  1 14 12 10 15  7  3 13  4]
 [15  6 13 11  7  3 10 14  4 16  5  9  1  8 12  2]]

[[ 1  2  3  4  5  6  7  8  9 10 11 12 13 14 15 16]
 [12 15 11  9  3 13 16  2  1 14  6  7  8  4 10  5]
 [13 14 16  6 12 10  4  9  5 15  8  3  2  1 11  7]
 [ 5  8 10  7  1 11 14 15 16  2 13  4  3  9  6 12]
 [ 2  3  6  5 16 14 13 11  8  4 15  1 12 10  7  9]
 [11  4 15  1 10  9 12  3  7  5 16  2 14 13  8  6]
 [ 9 13 14 16  8  2  1  7 10  3 12  6  4 11  5 15]
 [10 12  7  8 15  5  6  4 13  9 14 11 16  2  3  1]
 [ 3 16  9 12  4  7  5 13 15  8  2 14 10  6  1 11]
 [ 7 10  1 14 11 15  3  6 12 13  4  9  5 16  2  8]
 [ 4  5  8 13  2 16  9 12 11  6  1 10 15  7 14  3]
 [ 6 11  2 15 14  1  8 10  3  7  5 16  9 12 13  4]
 [14  6  4  3 13 12 15 16  2 11  7  8  1  5  9 10]
 [15  7 12 10  9  4  2  5  6  1  3 13 11  8 16 14]
 [16  9  5  2  6  8 11  1 14 12 10 15  7  3  4 13]
 [ 8  1 13 11  7  3 10 14  4 16  9  5  6 15 12  2]]

[[ 1  2  3  4  5  6  7  8  9 10 11 12 13 14 15 16]
 [ 5 14 11  9  3 13  2 16  1 15  6  7  8  4 10 12]
 [13 15 16  6 12 10  4  9  5 14  8  3  2  1 11  7]
 [12  8 10  7  1 11 14 15 16  2 13  4  3  9  6  5]
 [10  3  6  5 16 14 13 11  8  4 15  1 12  2  7  9]
 [11  4 15  1 10  5 12  3  7  9 16  2 14 13  8  6]
 [ 9 13 14 16  8  2  1  7 10  3 12  6  4 11  5 15]
 [ 2 12  7  8 15  9  6  4 13  5 14 11 16 10  3  1]
 [ 3 16  9 12  4  7  5 13 14  8  2 15 10  6  1 11]
 [ 7 10  1 14 11 15  3  6 12 13  4  9  5 16  2  8]
 [ 4  5  8 13  9 12 16  2 11  6  1 10 15  7 14  3]
 [ 6 11  2 15 14  1  8 10  3  7  5 16  9 12 13  4]
 [14  1  4  3 13 16 15 12  2 11  7  8  6  5  9 10]
 [15  7 12 10  2  4  9  5  6  1  3 13 11  8 16 14]
 [16  9  5  2  6  8 11  1 15 12 10 14  7  3  4 13]
 [ 8  6 13 11  7  3 10 14  4 16  9  5  1 15 12  2]]

[[ 1  2  3  4  5  6  7  8  9 10 11 12 13 14 15 16]
 [ 5 14 11  9  3 13 16  2  1 15  6  7  8  4 10 12]
 [13 15 16  6 12 10  4  9  5 14  8  3  2  1 11  7]
 [12  8 10  7  1 11 14 15 16  2 13  4  3  9  6  5]
 [ 6  3  2  5 16 14 13 11  8  4 15  1 12 10  7  9]
 [11  4  1 15 10  9 12  3  7  5 16  2 14 13  8  6]
 [ 9 13 14 16  8  2  1  7 10  3 12  6  4 11  5 15]
 [10 12  7  8 15  4  6  5 13  9 14 11 16  2  3  1]
 [ 3 16  9 12  4  7  5 13 15  8  2 14 10  6  1 11]
 [ 7 10 15 14 11  1  3  6 12 13  4  9  5 16  2  8]
 [ 4  5  8 13  9 12  2 10 11  6  1 16 15  7 14  3]
 [ 2 11  6  1 14 15  8 16  3  7  5 10  9 12  4 13]
 [14  1  4  3 13 16 15 12  2 11  7  8  6  5  9 10]
 [ 8  7 12 10  2  5  9  4  6  1  3 13 11 15 16 14]
 [16  9  5  2  6  8 11  1 14 12 10 15  7  3 13  4]
 [15  6 13 11  7  3 10 14  4 16  9  5  1  8 12  2]]

[[ 1  2  3  4  5  6  7  8  9 10 11 12 13 14 15 16]
 [ 5 14 11  9  3 13 16  2  1 15  6  7  8  4 10 12]
 [13 15 16  6 12 10  4  9  5 14  8  3  2  1 11  7]
 [12  8 10  7  1 11 14 15 16  2 13  4  3  9  6  5]
 [ 2  3  6  5 16 14 13 11  8  4 15  1 12 10  7  9]
 [15  4  1 11 10  9 12  3  7  5 16  2 14 13  8  6]
 [ 9 13 14 16  8  2  1  7 10  3 12  6  4 11  5 15]
 [10 12  7  8 15  4  6  5 13  9 14 11 16  2  3  1]
 [ 3 16  9 12  4  7  5 13 15  8  2 14 10  6  1 11]
 [ 7 10 15 14 11  1  3  6 12 13  4  9  5 16  2  8]
 [ 4  5  8 13  9 12  2 10 11  6  1 16 15  7 14  3]
 [ 6 11  2  1 14 15  8 16  3  7  5 10  9 12  4 13]
 [14  1  4  3 13 16 15 12  2 11  7  8  6  5  9 10]
 [ 8  7 12 10  2  5  9  4  6  1  3 13 11 15 16 14]
 [16  9  5  2  6  8 11  1 14 12 10 15  7  3 13  4]
 [11  6 13 15  7  3 10 14  4 16  9  5  1  8 12  2]]

[[ 1  2  3  4  5  6  7  8  9 10 11 12 13 14 15 16]
 [ 5 14 11  9  3 13 16  2  1 15  6  7  8  4 10 12]
 [13 15 16  6 12 10  4  9  5 14  8  3  2  1 11  7]
 [12  8 10  7  1 11 14 15 16  2 13  4  3  9  6  5]
 [ 6  3  2  5 16 14 13 11  8  4 15  1 12 10  7  9]
 [11  4  1 15 10  9 12  3  7  5 16  2 14 13  8  6]
 [ 9 13 14 16  8  2  1  7 10  3 12  6  4 11  5 15]
 [ 8 12  7 10 15  4  6  5 13  9 14 11 16  2  3  1]
 [ 3 16  9 12  4  7  5 13 15  8  2 14 10  6  1 11]
 [ 7 10 15 14 11  1  3  6 12 13  4  9  5 16  2  8]
 [ 4  5  8 13  9 12  2 10 11  6  1 16 15  7 14  3]
 [ 2 11  6  1 14 15  8 16  3  7  5 10  9 12  4 13]
 [14  1  4  3 13 16 15 12  2 11  7  8  6  5  9 10]
 [10  7 12  8  2  5  9  4  6  1  3 13 11 15 16 14]
 [16  9  5  2  6  8 11  1 14 12 10 15  7  3 13  4]
 [15  6 13 11  7  3 10 14  4 16  9  5  1  8 12  2]]

[[ 1  2  3  4  5  6  7  8  9 10 11 12 13 14 15 16]
 [ 5 14 11  9  3 13 16  2  1 15  6  7  8  4 10 12]
 [13 15 16  6 12 10  4  9  5 14  8  3  2  1 11  7]
 [12  8 10  7  1 11 14 15 16  2 13  4  3  9  6  5]
 [ 2  3  6  5 16 14 13 11  8  4 15  1 12 10  7  9]
 [15  1  4 11 10  9 12  3  7  5 16  2 14 13  8  6]
 [ 9 13 14 16  8  2  1  7 10  3 12  6  4 11  5 15]
 [10 12  7  8 15  4  6  5 13  9 14 11 16  2  3  1]
 [ 3 16  9 12  4  7  5 13 15  8  2 14 10  6  1 11]
 [ 7 10 15 14 11  1  3  6 12 13  4  9  5 16  2  8]
 [ 4  5  8 13  9 12  2 10 11  6  1 16 15  7 14  3]
 [ 6 11  2  1 14 15  8 16  3  7  5 10  9 12  4 13]
 [14  4  1  3 13 16 15 12  2 11  7  8  6  5  9 10]
 [ 8  7 12 10  2  5  9  4  6  1  3 13 11 15 16 14]
 [16  9  5  2  6  8 11  1 14 12 10 15  7  3 13  4]
 [11  6 13 15  7  3 10 14  4 16  9  5  1  8 12  2]]

