Number of solutions = 56

[[ 1  2  3  4  5  6  7  8  9 10 11 12 13 14 15 16]
 [10  5 15 11  2 16  4 13  8 14  1  7  9  6  3 12]
 [12  9  7 16  1 15 11 14 13  3  5  6 10  2  8  4]
 [ 6  8 13 14 10  3  9 12 16  4 15  2  1  7  5 11]
 [16  4 10  6 14  7  3 15  1  8 12 11  2  5 13  9]
 [ 8  1 11 12  4 13  6 10  2  7  9  5  3 15 16 14]
 [ 2  7  5  3 12  1 16  9  4 15 14 13  6 11 10  8]
 [14 15  9 13 11  8  2  5 10  6  3 16 12  4  7  1]
 [13 12  6  2  9 10 15  3 14  1 16  4  7  8 11  5]
 [15 11 16 10 13  5 14  1  3 12  7  8  4  9  2  6]
 [ 4  3  8  7 16 11 12  2  5  9  6 15 14 10  1 13]
 [ 5 14  1  9  7  4  8  6 11  2 13 10 16  3 12 15]
 [ 3  6  4  1  8 12 13  7 15  5  2 14 11 16  9 10]
 [ 7 16  2  5 15  9 10 11  6 13  4  1  8 12 14  3]
 [ 9 13 14  8  6  2  5 16 12 11 10  3 15  1  4  7]
 [11 10 12 15  3 14  1  4  7 16  8  9  5 13  6  2]]

[[ 1  2  3  4  5  6  7  8  9 10 11 12 13 14 15 16]
 [10  5 15 11  2 16  4 13  8 14  1  7  9  6  3 12]
 [12  9  7 16  1 15 11 14 13  3  5  6 10  2  8  4]
 [ 6  8 13 14 10  3  9 12 16  4 15  2  1  7  5 11]
 [16  4 10  6 14  7  3 15  1  8 12 11  2  5 13  9]
 [ 8  1 11 12  4 13  6 10  2  7  9  5  3 15 16 14]
 [ 2  7  5  3 12  1 16  9  4 15 14 13  6 11 10  8]
 [14 15  9 13 11  8  2  5 10  6  3 16 12  4  7  1]
 [13 12  6  2  9 10 15  3 14  1 16  4  7  8 11  5]
 [15 11 16 10 13  5 14  1  3 12  7  8  4  9  2  6]
 [ 4  3  8  7 16 11 12  2  5  9  6 15 14 10  1 13]
 [ 5 14  1  9  7  4  8  6 11  2 13 10 16  3 12 15]
 [ 3  6  2  1  8 12 13  7 15  5  4 14 11 16  9 10]
 [ 7 16  4  5 15  9 10 11  6 13  2  1  8 12 14  3]
 [ 9 13 14  8  6  2  5 16 12 11 10  3 15  1  4  7]
 [11 10 12 15  3 14  1  4  7 16  8  9  5 13  6  2]]

[[ 1  2  3  4  5  6  7  8  9 10 11 12 13 14 15 16]
 [10  5 15 11  2 13  4 16  3  7  1 14  9  6  8 12]
 [12  9  7 16  1 15 11 14 13  8  5  6 10  2  3  4]
 [ 6  8 13 14 10 12  9  3 16  4 15  2  1  7  5 11]
 [16  4 10  6 14  7  3 15  1 12  8 11  2  5 13  9]
 [ 8  1 11 12  4 10  6 13  7  5  2  9  3 15 16 14]
 [ 2  7  5  3 12  1 16  9  4 15 14 13  6 11 10  8]
 [14 15  9 13 11  8  5  2 10  6  3 16 12  4  7  1]
 [13 12  6  2  9  3 15 10 14  1 16  4  7  8 11  5]
 [15 11 16 10 13  5 14  1 12  3  7  8  4  9  2  6]
 [ 4  3  8  7 16 11  2 12  5  9  6 15 14 10  1 13]
 [ 5 14  1  9  7  4  8  6 11  2 13 10 16  3 12 15]
 [ 3  6  4  1  8  2 13  7 15 14 12  5 11 16  9 10]
 [ 7 16  2  5 15  9 10 11  6 13  4  1  8 12 14  3]
 [ 9 13 14  8  6 16 12  5  2 11 10  3 15  1  4  7]
 [11 10 12 15  3 14  1  4  8 16  9  7  5 13  6  2]]

[[ 1  2  3  4  5  6  7  8  9 10 11 12 13 14 15 16]
 [10  5 15 11  2 16  4 13  8 14  1  7  9  6  3 12]
 [12  9  7 16  1 15 11 14 13  3  5  6 10  2  8  4]
 [ 6  8 13 14 10  3  9 12 16  4 15  2  1  7 11  5]
 [16  4 10  6 14  7  3 15  1  8 12 11  2  5 13  9]
 [ 8  1 11 12  4 13  6 10  2  7  9  5  3 15 16 14]
 [ 2  7  5  3 12  1 16  9  4 15 14 13  6 11 10  8]
 [14 15  9 13 11  8  2  5 10  6  3 16 12  4  7  1]
 [13 12  6  2  9 10 15  3 14  1 16  4  7  8  5 11]
 [15 11 16 10 13  5 14  1  3 12  7  8  4  9  2  6]
 [ 4  3  8  7 16 11 12  2  5  9  6 15 14 10  1 13]
 [ 5 14  1  9  7  4  8  6 11  2 13 10 16  3 12 15]
 [ 3  6  2  1  8 12 13  7 15  5  4 14 11 16  9 10]
 [ 7 16  4  5 15  9 10 11  6 13  2  1  8 12 14  3]
 [ 9 13 14  8  6  2  5 16 12 11 10  3 15  1  4  7]
 [11 10 12 15  3 14  1  4  7 16  8  9  5 13  6  2]]

[[ 1  2  3  4  5  6  7  8  9 10 11 12 13 14 15 16]
 [10  5 15 11  2 16  4 13  8 14  1  7  9  6  3 12]
 [12  9  7 16  1 15 11 14 13  3  5  6 10  2  8  4]
 [ 6  8 13 14 10  3  9 12 16  4 15  2  1  7  5 11]
 [16  4 10  6 12  7  3 15  1  8 14 11  2  5 13  9]
 [ 8  1 11 12  4 13  6 10  2  7  9  5  3 15 16 14]
 [ 2  7  5  3 14  1 16  9  4 15 12 13  6 11 10  8]
 [14 15  9 13 11  8  2  5 10  6  3 16 12  4  7  1]
 [13 12  6  2  9 10 15  3 14  1 16  4  7  8 11  5]
 [15 11 16 10 13  5 14  1  3 12  7  8  4  9  2  6]
 [ 4  3  8  7 16 11 12  2  5  9  6 15 14 10  1 13]
 [ 5 14  1  9  7  4  8  6 11  2 13 10 16  3 12 15]
 [ 3  6  4  1  8 12 13  7 15  5  2 14 11 16  9 10]
 [ 7 16  2  5 15  9 10 11  6 13  4  1  8 12 14  3]
 [ 9 13 14  8  6  2  5 16 12 11 10  3 15  1  4  7]
 [11 10 12 15  3 14  1  4  7 16  8  9  5 13  6  2]]

[[ 1  2  3  4  5  6  7  8  9 10 11 12 13 14 15 16]
 [10  5 15 11  2 16  4 13  8 14  1  7  9  6  3 12]
 [12  9  7 16  1 15 11 14 13  3  5  6 10  2  8  4]
 [ 6  8 13 14 10  3  9 12 16  4 15  2  1  7  5 11]
 [16  4 10  6 12  7  3 15  1  8 14 11  2  5 13  9]
 [ 8  1 11 12  4 13  6 10  2  7  9  5  3 15 16 14]
 [ 2  7  5  3 14  1 16  9  4 15 12 13  6 11 10  8]
 [ 9 15 14 13 11  8  2  5 10  6  3 16 12  4  7  1]
 [13 12  6  2  9 10 15  3 14  1 16  4  7  8 11  5]
 [15 11 16 10 13  5 14  1  3 12  7  8  4  9  2  6]
 [ 4  3  8  7 16 11 12  2  5  9  6 15 14 10  1 13]
 [ 5 14  1  9  7  4  8  6 11  2 13 10 16  3 12 15]
 [ 3  6  4  1  8 12 13  7 15  5  2 14 11 16  9 10]
 [ 7 16  2  5 15  9 10 11  6 13  4  1  8 12 14  3]
 [14 13  9  8  6  2  5 16 12 11 10  3 15  1  4  7]
 [11 10 12 15  3 14  1  4  7 16  8  9  5 13  6  2]]

[[ 1  2  3  4  5  6  7  8  9 10 11 12 13 14 15 16]
 [10  5 15 11  2 16  4 13  8 14  1  7  9  6  3 12]
 [12  9  7 16  1 15 11 14 13  3  5  6 10  2  8  4]
 [ 6  8 13 14 10  3  9 12 16  4 15  2  1  7  5 11]
 [16  4 10  6 14  7  3 15  1  8 12 11  2  5 13  9]
 [ 8  1 11 12  4 13  6 10  2  7  9  5  3 15 16 14]
 [ 2  3  5  7 12  1 16  9  4 15 14 13  6 11 10  8]
 [14 15  9 13 11  8  2  5 10  6  3 16 12  4  7  1]
 [13 12  6  2  9 10 15  3 14  1 16  4  7  8 11  5]
 [15 11 16 10 13  5 14  1  3 12  7  8  4  9  2  6]
 [ 4  7  8  3 16 11 12  2  5  9  6 15 14 10  1 13]
 [ 5 14  1  9  7  4  8  6 11  2 13 10 16  3 12 15]
 [ 3  6  4  1  8 12 13  7 15  5  2 14 11 16  9 10]
 [ 7 16  2  5 15  9 10 11  6 13  4  1  8 12 14  3]
 [ 9 13 14  8  6  2  5 16 12 11 10  3 15  1  4  7]
 [11 10 12 15  3 14  1  4  7 16  8  9  5 13  6  2]]

[[ 1  2  3  4  5  6  7  8  9 10 11 12 13 14 15 16]
 [10  5 15 11  2 16  4 13  8 14  1  7  9  6  3 12]
 [12  9  7 16  1 15 11 14 13  3  5  6 10  2  8  4]
 [ 6  8 13 14 10  3  9 12 16  4 15  2  1  7  5 11]
 [16  4 10  6 14  7  3 15  1  8 12 11  2  5 13  9]
 [ 8  1 11 12  4 13  6 10  2  7  9  5  3 15 16 14]
 [ 2  7  5  3 12  1 16  9  4 15 14 13  6 11 10  8]
 [14 15  9 13 11  8  2  5 10  6  3 16 12  4  7  1]
 [13 12  6  2  9 10 15  3 14  1 16  4  7  8 11  5]
 [15 11 16 10 13  5 14  2  3 12  7  8  4  9  1  6]
 [ 4  3  8  7 16 11 12  1  5  9  6 15 14 10  2 13]
 [ 5 14  1  9  7  4  8  6 11  2 13 10 16  3 12 15]
 [ 3  6  2  1  8 12 13  7 15  5  4 14 11 16  9 10]
 [ 7 16  4  5 15  9 10 11  6 13  2  1  8 12 14  3]
 [ 9 13 14  8  6  2  5 16 12 11 10  3 15  1  4  7]
 [11 10 12 15  3 14  1  4  7 16  8  9  5 13  6  2]]

[[ 1  2  3  4  5  6  7  8  9 10 11 12 13 14 15 16]
 [10  5 15 11  2 16  4 13  8 14  1  7  9  6  3 12]
 [12  9  7 16  1 15 11 14 13  3  5  6 10  2  8  4]
 [ 6  8 13 14 10  3  9 12 16  4 15  2  1  7  5 11]
 [16  4 10  6 14  7  3 15  1  8 12 11  2  5 13  9]
 [ 8  1 11 12  4 13  6 10  2  7  9  5  3 15 16 14]
 [ 2  7  5  3 16  1 12  9  4 15 14 13  6 11 10  8]
 [14 15  9 13 11  8  2  5 10  6  3 16 12  4  7  1]
 [13 12  6  2  9 10 15  3 14  1 16  4  7  8 11  5]
 [15 11 16 10 13  5 14  1  3 12  7  8  4  9  2  6]
 [ 4  3  8  7 12 11 16  2  5  9  6 15 14 10  1 13]
 [ 5 14  1  9  7  4  8  6 11  2 13 10 16  3 12 15]
 [ 3  6  4  1  8 12 13  7 15  5  2 14 11 16  9 10]
 [ 7 16  2  5 15  9 10 11  6 13  4  1  8 12 14  3]
 [ 9 13 14  8  6  2  5 16 12 11 10  3 15  1  4  7]
 [11 10 12 15  3 14  1  4  7 16  8  9  5 13  6  2]]

[[ 1  2  3  4  5  6  7  8  9 10 11 12 13 14 15 16]
 [10  5 15 11  2 16  4 13  8 14  1  7  9  6 12  3]
 [12  9  7 16  1 15 11 14 13  3  5  6 10  2  8  4]
 [ 6  8 13 14 10  3  9 12 16  4 15  2  1  7  5 11]
 [16  4 10  6 14  7  3 15  1  8 12 11  2  5 13  9]
 [ 8  1 11 12  4 13  6 10  2  7  9  5  3 15 16 14]
 [ 2  7  5  3 12  1 16  9  4 15 14 13  6 11 10  8]
 [14 15  9 13 11  8  2  5 10  6  3 16 12  4  7  1]
 [13 12  6  2  9 10 15  3 14  1 16  4  7  8 11  5]
 [15 11 16 10 13  5 14  1  3 12  7  8  4  9  2  6]
 [ 4  3  8  7 16 11 12  2  5  9  6 15 14 10  1 13]
 [ 5 14  1  9  7  4  8  6 11  2 13 10 16 12  3 15]
 [ 3  6  2  1  8 12 13  7 15  5  4 14 11 16  9 10]
 [ 7 16  4  5 15  9 10 11  6 13  2  1  8  3 14 12]
 [ 9 13 14  8  6  2  5 16 12 11 10  3 15  1  4  7]
 [11 10 12 15  3 14  1  4  7 16  8  9  5 13  6  2]]

[[ 1  2  3  4  5  6  7  8  9 10 11 12 13 14 15 16]
 [10  5 15 11  2 16  4 13  8 14  1  7  9  6 12  3]
 [12  9  7 16  1 15 11 14 13  3  5  6 10  2  8  4]
 [13  8  6 14 10  3  9 12 16  4 15  2  1  7  5 11]
 [16  4 10  6 14  7  3 15  1  8 12 11  2  5 13  9]
 [ 8  1 11 12  4 13  6 10  2  7  9  5  3 15 16 14]
 [ 2  7  5  3 12  1 16  9  4 15 14 13  6 11 10  8]
 [14 15  9 13 11  8  2  5 10  6  3 16 12  4  7  1]
 [ 6 12 13  2  9 10 15  3 14  1 16  4  7  8 11  5]
 [15 11 16 10 13  5 14  1  3 12  7  8  4  9  2  6]
 [ 4  3  8  7 16 11 12  2  5  9  6 15 14 10  1 13]
 [ 5 14  1  9  7  4  8  6 11  2 13 10 16 12  3 15]
 [ 3  6  2  1  8 12 13  7 15  5  4 14 11 16  9 10]
 [ 7 16  4  5 15  9 10 11  6 13  2  1  8  3 14 12]
 [ 9 13 14  8  6  2  5 16 12 11 10  3 15  1  4  7]
 [11 10 12 15  3 14  1  4  7 16  8  9  5 13  6  2]]

[[ 1  2  3  4  5  6  7  8  9 10 11 12 13 14 15 16]
 [10  5 15 11  2 16  4 13  8 14  1  7  9  6  3 12]
 [12  9  7 16  1 15 11 14 13  3  5  6 10  2  8  4]
 [ 6  8 13 14 10  3  9 12 16  4 15  2  1  7  5 11]
 [16  4 10  6 14  7  3 15  1  8 12 11  2  5 13  9]
 [ 8  1 11 12  4 13  6 10  2  7  9  5  3 15 16 14]
 [ 2  7  5  3 12  1 16  9  4 15 14 13  6 11 10  8]
 [ 9 15 14 13 11  8  2  5 10  6  3 16 12  4  7  1]
 [13 12  6  2  9 10 15  3 14  1 16  4  7  8 11  5]
 [15 11 16 10 13  5 14  2  3 12  7  8  4  9  1  6]
 [ 4  3  8  7 16 11 12  1  5  9  6 15 14 10  2 13]
 [ 5 14  1  9  7  4  8  6 11  2 13 10 16  3 12 15]
 [ 3  6  2  1  8 12 13  7 15  5  4 14 11 16  9 10]
 [ 7 16  4  5 15  9 10 11  6 13  2  1  8 12 14  3]
 [14 13  9  8  6  2  5 16 12 11 10  3 15  1  4  7]
 [11 10 12 15  3 14  1  4  7 16  8  9  5 13  6  2]]

[[ 1  2  3  4  5  6  7  8  9 10 11 12 13 14 15 16]
 [10  5 15 11  2 16  4 13  8 14  1  7  9  6 12  3]
 [12  9  7 16  1 15 11 14 13  3  5  6 10  2  8  4]
 [ 6  8 13 14 10  3  9 12 16  4 15  2  1  7  5 11]
 [16  4 10  6 14  7  3 15  1  8 12 11  2  5 13  9]
 [ 8  1 11 12  4 13  6 10  2  7  9  5 16 15  3 14]
 [ 2  7  5  3 12  1 16  9  4 15 14 13  6 11 10  8]
 [14 15  9 13 11  8  2  5 10  6  3 16 12  4  7  1]
 [13 12  6  2  9 10 15  3 14  1 16  4  7  8 11  5]
 [15 11 16 10 13  5 14  1  3 12  7  8  4  9  2  6]
 [ 4  3  8  7 16 11 12  2  5  9  6 15 14 10  1 13]
 [ 5 14  1  9  7  4  8  6 11  2 13 10  3 12 16 15]
 [ 3  6  2  1  8 12 13  7 15  5  4 14 11 16  9 10]
 [ 7 16  4  5 15  9 10 11  6 13  2  1  8  3 14 12]
 [ 9 13 14  8  6  2  5 16 12 11 10  3 15  1  4  7]
 [11 10 12 15  3 14  1  4  7 16  8  9  5 13  6  2]]

[[ 1  2  3  4  5  6  7  8  9 10 11 12 13 14 15 16]
 [10  5 15 11  2 16  4 13  8 14  1  7  9  6  3 12]
 [12  9  7 16  1 15 11 14 13  3  5  6 10  2  8  4]
 [ 6  8 13 14 10  3  9 12 16  4 15  2  1  7  5 11]
 [16  4 10  6 14  7  3 15  1  8 12 11  2  5 13  9]
 [ 8  1 11 12  4 13  6 10  2  7  9  5  3 15 16 14]
 [ 2  7  5  3 12  1 16  9  4 15 14 13  6 11 10  8]
 [ 9 15 14 13 11  8  2  5 10  6  3 16 12  4  7  1]
 [13 12  6  2  9 10 15  3 14  1 16  4  7  8 11  5]
 [15 11 16 10 13  5 14  2  3 12  7  8  4  9  1  6]
 [ 4  3  8  7 16 11 12  1  5  9  6 15 14 10  2 13]
 [ 5 14  1  9  7  4  8  6 11  2 13 10 16  3 12 15]
 [14  6  2  1  8 12 13  7 15  5  4  3 11 16  9 10]
 [ 7 16  4  5 15  9 10 11  6 13  2  1  8 12 14  3]
 [ 3 13  9  8  6  2  5 16 12 11 10 14 15  1  4  7]
 [11 10 12 15  3 14  1  4  7 16  8  9  5 13  6  2]]

[[ 1  2  3  4  5  6  7  8  9 10 11 12 13 14 15 16]
 [10  5 15 11  2 16  4 13  8 14  1  7  9  6 12  3]
 [12  9  7 16  1 15 11 14 13  3  5  6 10  2  8  4]
 [ 6  8 13 14 10  3  9 12 16  4 15  2  1  7  5 11]
 [16  4 10  6 14  7  3 15  1  8 12 11  2  5 13  9]
 [ 8  1 11 12  4 13  6 10  2  7  9  5 16 15  3 14]
 [ 2  7  5  3 12  1 16  9  4 15 14 13  6 11 10  8]
 [14 15  9 13 11  8  2  5 10  6  3 16 12  4  7  1]
 [13 12  6  2  9 10 15  3 14  1 16  4  7  8 11  5]
 [15 11 16 10 13  5 14  1  3 12  7  8  4  9  2  6]
 [ 4  3  8  7 16 11 12  2  5  9  6 15 14 10  1 13]
 [ 5 14  1  9  7  4  8  6 11 13  2 10  3 12 16 15]
 [ 3  6  2  1  8 12 13  7 15  5  4 14 11 16  9 10]
 [ 7 16  4  5 15  9 10 11  6  2 13  1  8  3 14 12]
 [ 9 13 14  8  6  2  5 16 12 11 10  3 15  1  4  7]
 [11 10 12 15  3 14  1  4  7 16  8  9  5 13  6  2]]

[[ 1  2  3  4  5  6  7  8  9 10 11 12 13 14 15 16]
 [10  5 15 11  2 16  4 13  8 14  1  7  9  6  3 12]
 [12  9  7 16  1 15 11 14 13  3  5  6 10  2  8  4]
 [ 6  8 13 14 10  3  9 12 16  4 15  2  1  7 11  5]
 [16  4 10  6 14  7  3 15  1  8 12 11  2  5 13  9]
 [ 8  1 11 12  4 13  6 10  2  7  9  5  3 15 16 14]
 [ 2  7  5  3 12  1 16  9  4 15 14 13  6 11 10  8]
 [ 9 15 14 13 11  8  2  5 10  6  3 16 12  4  7  1]
 [13 12  6  2  9 10 15  3 14  1 16  4  7  8  5 11]
 [15 11 16 10 13  5 14  2  3 12  7  8  4  9  1  6]
 [ 4  3  8  7 16 11 12  1  5  9  6 15 14 10  2 13]
 [ 5 14  1  9  7  4  8  6 11  2 13 10 16  3 12 15]
 [ 3  6  2  1  8 12 13  7 15  5  4 14 11 16  9 10]
 [ 7 16  4  5 15  9 10 11  6 13  2  1  8 12 14  3]
 [14 13  9  8  6  2  5 16 12 11 10  3 15  1  4  7]
 [11 10 12 15  3 14  1  4  7 16  8  9  5 13  6  2]]

[[ 1  2  3  4  5  6  7  8  9 10 11 12 13 14 15 16]
 [10  5 15 11  2 16  4 13  8 14  1  7  9  6 12  3]
 [12  9  7 16  1 15 11 14 13  3  5  6 10  2  8  4]
 [ 6  8 13 14 10  3  9 12 16  4 15  2  1  7  5 11]
 [16  4 10  6 14  7  3 15  1  8 12 11  2  5 13  9]
 [ 8  1 11 12  4 13  6 10  2  7  9  5 16 15  3 14]
 [ 2  7  9  3 12  1 16  5  4 15 14 13  6 11 10  8]
 [14 15  5 13 11  8  2  9 10  6  3 16 12  4  7  1]
 [13 12  6  2  9 10 15  3 14  1 16  4  7  8 11  5]
 [15 11 16 10 13  5 14  1  3 12  7  8  4  9  2  6]
 [ 4  3  8  7 16 11 12  2  5  9  6 15 14 10  1 13]
 [ 5 14  1  9  7  4  8  6 11 13  2 10  3 12 16 15]
 [ 3  6  2  1  8 12 13  7 15  5  4 14 11 16  9 10]
 [ 7 16  4  5 15  9 10 11  6  2 13  1  8  3 14 12]
 [ 9 13 14  8  6  2  5 16 12 11 10  3 15  1  4  7]
 [11 10 12 15  3 14  1  4  7 16  8  9  5 13  6  2]]

[[ 1  2  3  4  5  6  7  8  9 10 11 12 13 14 15 16]
 [10  5 15 11  2 16  4 13  8 14  1  7  9  6  3 12]
 [12  9  7 16  1 15 11 14 13  3  5  6 10  2  8  4]
 [13  8  6 14 10  3  9 12 16  4 15  2  1  7  5 11]
 [16  4 10  6 14  7  3 15  1  8 12 11  2  5 13  9]
 [ 8  1 11 12  4 13  6 10  2  7  9  5  3 15 16 14]
 [ 2  7  5  3 12  1 16  9  4 15 14 13  6 11 10  8]
 [14 15  9 13 11  8  2  5 10  6  3 16 12  4  7  1]
 [ 6 12 13  2  9 10 15  3 14  1 16  4  7  8 11  5]
 [15 11 16 10 13  5 14  1  3 12  7  8  4  9  2  6]
 [ 4  3  8  7 16 11 12  2  5  9  6 15 14 10  1 13]
 [ 5 14  1  9  7  4  8  6 11  2 13 10 16  3 12 15]
 [ 3  6  2  1  8 12 13  7 15  5  4 14 11 16  9 10]
 [ 7 16  4  5 15  9 10 11  6 13  2  1  8 12 14  3]
 [ 9 13 14  8  6  2  5 16 12 11 10  3 15  1  4  7]
 [11 10 12 15  3 14  1  4  7 16  8  9  5 13  6  2]]

[[ 1  2  3  4  5  6  7  8  9 10 11 12 13 14 15 16]
 [10  5 15 11  2 16  4 13  8 14  1  7  9  6  3 12]
 [12  9  7 16  1 15 11 14 13  3  5  6 10  2  8  4]
 [ 6  8 13 14 10  3  9 12 16  4 15  2  1  7 11  5]
 [16  4 10  6 14  7  3 15  1  8 12 11  2  5 13  9]
 [ 8  1 11 12  4 13  6 10  2  7  9  5  3 15 16 14]
 [ 2  7  5  3 12  1 16  9  4 15 14 13  6 11 10  8]
 [14 15  9 13 11  8  2  5 10  6  3 16 12  4  7  1]
 [13 12  6  2  9 10 15  3 14  1 16  4  7  8  5 11]
 [15 11 16 10 13  5 14  2  3 12  7  8  4  9  1  6]
 [ 4  3  8  7 16 11 12  1  5  9  6 15 14 10  2 13]
 [ 5 14  1  9  7  4  8  6 11  2 13 10 16  3 12 15]
 [ 3  6  2  1  8 12 13  7 15  5  4 14 11 16  9 10]
 [ 7 16  4  5 15  9 10 11  6 13  2  1  8 12 14  3]
 [ 9 13 14  8  6  2  5 16 12 11 10  3 15  1  4  7]
 [11 10 12 15  3 14  1  4  7 16  8  9  5 13  6  2]]

[[ 1  2  3  4  5  6  7  8  9 10 11 12 13 14 15 16]
 [10  5 15 11  2 16  4 13  8 14  1  7  9  6  3 12]
 [12  9  7 16  1 15 11 14 13  3  5  6 10  2  8  4]
 [ 6  8 13 14 10  3  9 12 16  4 15  2  1  7  5 11]
 [16  4 10  6 14  7  3 15  1  8 12 11  2  5 13  9]
 [ 8  1 11 12  4 13  6 10  2  7  9  5  3 15 16 14]
 [ 2  7  5  3 12  1 16  9  4 15 14 13  6 11 10  8]
 [14 15  9 13 11  8  2  5 10  6  3 16 12  4  7  1]
 [13 12  6  2  9 10 15  3 14  1 16  4  7  8 11  5]
 [15 11 16 10 13  5 14  2  3 12  7  8  4  9  1  6]
 [ 4  3  8  7 16 11 12  1  5  9  6 15 14 10  2 13]
 [ 5 14  1  9  7  4  8  6 11  2 13 10 16  3 12 15]
 [ 3  6  4  1  8 12 13  7 15  5  2 14 11 16  9 10]
 [ 7 16  2  5 15  9 10 11  6 13  4  1  8 12 14  3]
 [ 9 13 14  8  6  2  5 16 12 11 10  3 15  1  4  7]
 [11 10 12 15  3 14  1  4  7 16  8  9  5 13  6  2]]

[[ 1  2  3  4  5  6  7  8  9 10 11 12 13 14 15 16]
 [10  5 15 11  2 16  4 13  8 14  1  7  9  6 12  3]
 [12  9  7 16  1 15 11 14 13  3  5  6 10  2  8  4]
 [ 6 13 14  8 10  3  9 12 16  4 15  2  1  7  5 11]
 [16  4 10  6 14  7  3 15  1  8 12 11  2  5 13  9]
 [ 8  1 11 12  4 13  6 10  2  7  9  5 16 15  3 14]
 [ 2  7  9  3 12  1 16  5  4 15 14 13  6 11 10  8]
 [14 15  5 13 11  8  2  9 10  6  3 16 12  4  7  1]
 [13 12  6  2  9 10 15  3 14  1 16  4  7  8 11  5]
 [15 11 16 10 13  5 14  1  3 12  7  8  4  9  2  6]
 [ 4  3  8  7 16 11 12  2  5  9  6 15 14 10  1 13]
 [ 5 14  1  9  7  4  8  6 11 13  2 10  3 12 16 15]
 [ 3  6  2  1  8 12 13  7 15  5  4 14 11 16  9 10]
 [ 7 16  4  5 15  9 10 11  6  2 13  1  8  3 14 12]
 [ 9  8 13 14  6  2  5 16 12 11 10  3 15  1  4  7]
 [11 10 12 15  3 14  1  4  7 16  8  9  5 13  6  2]]

[[ 1  2  3  4  5  6  7  8  9 10 11 12 13 14 15 16]
 [10  5 15 11  2 16  4 13  7 14  1  8  9  6 12  3]
 [12  9  7 16  1 15 11 14 13  3  5  6 10  2  8  4]
 [ 6  8 13 14 10  3  9 12 16  4 15  2  1  7  5 11]
 [16  4 10  6 14  7  3 15  1  8 12 11  2  5 13  9]
 [ 8  1 11 12  4 13  6 10  2  7  9  5 16 15  3 14]
 [ 2  7  9  3 12  1 16  5  4 15 14 13  6 11 10  8]
 [14 15  5 13 11  8  2  9 10  6  3 16 12  4  7  1]
 [13 12  6  2  9 10 15  3 14  1 16  4  7  8 11  5]
 [15 11 16 10 13  5 14  1  3 12  8  7  4  9  2  6]
 [ 4  3  8  7 16 11 12  2  5  9  6 15 14 10  1 13]
 [ 5 14  1  9  7  4  8  6 11 13  2 10  3 12 16 15]
 [ 3  6  2  1  8 12 13  7 15  5  4 14 11 16  9 10]
 [ 7 16  4  5 15  9 10 11  6  2 13  1  8  3 14 12]
 [ 9 13 14  8  6  2  5 16 12 11 10  3 15  1  4  7]
 [11 10 12 15  3 14  1  4  8 16  7  9  5 13  6  2]]

[[ 1  2  3  4  5  6  7  8  9 10 11 12 13 14 15 16]
 [10  5 15 11  2 16  4 13  8 14  1  7  9  6  3 12]
 [12  9  7 16  1 15 11 14 13  3  5  6 10  2  8  4]
 [ 6  8 13 14 10  3  9 12 16  4 15  2  1  7 11  5]
 [16  4 10  6 14  7  3 15  1  8 12 11  2  5 13  9]
 [ 8  1 11 12  4 13  6 10  2  7  9  5  3 15 16 14]
 [ 2  3  5  7 12  1 16  9  4 15 14 13  6 11 10  8]
 [ 9 15 14 13 11  8  2  5 10  6  3 16 12  4  7  1]
 [13 12  6  2  9 10 15  3 14  1 16  4  7  8  5 11]
 [15 11 16 10 13  5 14  2  3 12  7  8  4  9  1  6]
 [ 4  7  8  3 16 11 12  1  5  9  6 15 14 10  2 13]
 [ 5 14  1  9  7  4  8  6 11  2 13 10 16  3 12 15]
 [ 3  6  2  1  8 12 13  7 15  5  4 14 11 16  9 10]
 [ 7 16  4  5 15  9 10 11  6 13  2  1  8 12 14  3]
 [14 13  9  8  6  2  5 16 12 11 10  3 15  1  4  7]
 [11 10 12 15  3 14  1  4  7 16  8  9  5 13  6  2]]

[[ 1  2  3  4  5  6  7  8  9 10 11 12 13 14 15 16]
 [10  5 15 11  2 16  4 13  8 14  1  7  9  6  3 12]
 [12  9  7 16  1 15 11 14 13  3  5  6 10  2  8  4]
 [ 6  8 13 14 10  3  9 12 16  4 15  2  1  7 11  5]
 [16  4 10  6 14  7  3 15  1  8 12 11  2  5 13  9]
 [ 8  1 11 12  4 13  6 10  2  7  9  5  3 15 16 14]
 [ 2  3  5  7 12  1 16  9  4 15 14 13  6 11 10  8]
 [ 9 15 14 13 11  8  2  5 10  6  3 16 12  4  7  1]
 [13 12  6  2  9 10 15  3 14  1 16  4  7  8  5 11]
 [15 11 16 10  7  5 14  2  3 12 13  8  4  9  1  6]
 [ 4  7  8  3 16 11 12  1  5  9  6 15 14 10  2 13]
 [ 5 14  1  9 13  4  8  6 11  2  7 10 16  3 12 15]
 [ 3  6  2  1  8 12 13  7 15  5  4 14 11 16  9 10]
 [ 7 16  4  5 15  9 10 11  6 13  2  1  8 12 14  3]
 [14 13  9  8  6  2  5 16 12 11 10  3 15  1  4  7]
 [11 10 12 15  3 14  1  4  7 16  8  9  5 13  6  2]]

[[ 1  2  3  4  5  6  7  8  9 10 11 12 13 14 15 16]
 [10  5 15 11  2 16  4 13  8 14  1  7  9  6 12  3]
 [12  9  7 16  1 15 11 14 13  3  5  6 10  2  8  4]
 [ 6  8 13 14 10  3  9 12 16  4 15  2  1  7 11  5]
 [16  4 10  6 14  7  3 15  1  8 12 11  2  5 13  9]
 [ 8  1 11 12  4 13  6 10  2  7  9  5 16 15  3 14]
 [ 2  7  5  3 12  1 16  9  4 15 14 13  6 11 10  8]
 [14 15  9 13 11  8  2  5 10  6  3 16 12  4  7  1]
 [13 12  6  2  9 10 15  3 14  1 16  4  7  8  5 11]
 [15 11 16 10 13  5 14  1  3 12  7  8  4  9  2  6]
 [ 4  3  8  7 16 11 12  2  5  9  6 15 14 10  1 13]
 [ 5 14  1  9  7  4  8  6 11 13  2 10  3 12 16 15]
 [ 3  6  2  1  8 12 13  7 15  5  4 14 11 16  9 10]
 [ 7 16  4  5 15  9 10 11  6  2 13  1  8  3 14 12]
 [ 9 13 14  8  6  2  5 16 12 11 10  3 15  1  4  7]
 [11 10 12 15  3 14  1  4  7 16  8  9  5 13  6  2]]

[[ 1  2  3  4  5  6  7  8  9 10 11 12 13 14 15 16]
 [10  5 15 11  2 16  4 13  8 14  1  7  9  6  3 12]
 [12  9  7 16  1 15 11 14 13  3  5  6 10  2  8  4]
 [ 6  8 13 14 10  3  9 12 16  4 15  2  1  7 11  5]
 [16  4 10  6 14  7  3 15  1  8 12 11  2  5 13  9]
 [ 8  1 11 12  4 13  6 10  2  7  9  5  3 15 16 14]
 [ 2  7  5  3 16  1 12  9  4 15 14 13  6 11 10  8]
 [14 15  9 13 11  8  2  5 10  6  3 16 12  4  7  1]
 [13 12  6  2  9 10 15  3 14  1 16  4  7  8  5 11]
 [15 11 16 10 13  5 14  2  3 12  7  8  4  9  1  6]
 [ 4  3  8  7 12 11 16  1  5  9  6 15 14 10  2 13]
 [ 5 14  1  9  7  4  8  6 11  2 13 10 16  3 12 15]
 [ 3  6  2  1  8 12 13  7 15  5  4 14 11 16  9 10]
 [ 7 16  4  5 15  9 10 11  6 13  2  1  8 12 14  3]
 [ 9 13 14  8  6  2  5 16 12 11 10  3 15  1  4  7]
 [11 10 12 15  3 14  1  4  7 16  8  9  5 13  6  2]]

[[ 1  2  3  4  5  6  7  8  9 10 11 12 13 14 15 16]
 [10  5 15 11  2 16  4 13  8 14  1  7  9  6  3 12]
 [12  9  7 16  1 15 11 14 13  3  5  6 10  2  8  4]
 [ 6  8 13 14 10  3  9 12 16  4 15  2  1  7 11  5]
 [16  4 10  6 14  7  3 15  1  8 12 11  2  5 13  9]
 [ 8  1 11 12  4 13  6 10  2  7  9  5  3 15 16 14]
 [ 2  3  5  7 12  1 16  9  4 15 14 13  6 11 10  8]
 [ 9 15 14 13 11  8  2  5 10  6  3 16 12  4  7  1]
 [13 12  6  2  9 10 15  3 14  1 16  4  7  8  5 11]
 [15 11 16 10  7  5 14  1  3 12 13  8  4  9  2  6]
 [ 4  7  8  3 16 11 12  2  5  9  6 15 14 10  1 13]
 [ 5 14  1  9 13  4  8  6 11  2  7 10 16  3 12 15]
 [ 3  6  2  1  8 12 13  7 15  5  4 14 11 16  9 10]
 [ 7 16  4  5 15  9 10 11  6 13  2  1  8 12 14  3]
 [14 13  9  8  6  2  5 16 12 11 10  3 15  1  4  7]
 [11 10 12 15  3 14  1  4  7 16  8  9  5 13  6  2]]

[[ 1  2  3  4  5  6  7  8  9 10 11 12 13 14 15 16]
 [10  5 15 11  2 16  4 13  8 14  1  7  9  6 12  3]
 [12  9  7 16 10 15 11 14 13  3  5  6  1  2  8  4]
 [ 6  8 13 14  1  3  9 12 16  4 15  2 10  7 11  5]
 [16  4 10  6 14  7  3 15  1  8 12 11  2  5 13  9]
 [ 8  1 11 12  4 13  6 10  2  7  9  5 16 15  3 14]
 [ 2  7  5  3 12  1 16  9  4 15 14 13  6 11 10  8]
 [14 15  9 13 11  8  2  5 10  6  3 16 12  4  7  1]
 [13 12  6  2  9 10 15  3 14  1 16  4  7  8  5 11]
 [15 11 16 10 13  5 14  1  3 12  7  8  4  9  2  6]
 [ 4  3  8  7 16 11 12  2  5  9  6 15 14 10  1 13]
 [ 5 14  1  9  7  4  8  6 11 13  2 10  3 12 16 15]
 [ 3  6  2  1  8 12 13  7 15  5  4 14 11 16  9 10]
 [ 7 16  4  5 15  9 10 11  6  2 13  1  8  3 14 12]
 [ 9 13 14  8  6  2  5 16 12 11 10  3 15  1  4  7]
 [11 10 12 15  3 14  1  4  7 16  8  9  5 13  6  2]]

[[ 1  2  3  4  5  6  7  8  9 10 11 12 13 14 15 16]
 [10  5 15 11  2 16  4 13  8 14  1  7  9  6  3 12]
 [12  9  7 16  1 15 11 14 13  3  5  6 10  2  8  4]
 [ 6  8 13 14 10  3  9 12 16  4 15  2  1  7 11  5]
 [16  4 10  6 14  7  3 15  1  8 12 11  2  5 13  9]
 [ 8  1 11 12  4 13  6 10  2  7  9  5  3 15 16 14]
 [ 2  3  5  7 12  1 16  9  4 15 14 13  6  8 10 11]
 [ 9 15 14 13 11  8  2  5 10  6  3 16 12  4  7  1]
 [13 12  6  2  9 10 15  3 14  1 16  4  7 11  5  8]
 [15 11 16 10  7  5 14  2  3 12 13  8  4  9  1  6]
 [ 4  7  8  3 16 11 12  1  5  9  6 15 14 10  2 13]
 [ 5 14  1  9 13  4  8  6 11  2  7 10 16  3 12 15]
 [ 3  6  2  1  8 12 13  7 15  5  4 14 11 16  9 10]
 [ 7 16  4  5 15  9 10 11  6 13  2  1  8 12 14  3]
 [14 13  9  8  6  2  5 16 12 11 10  3 15  1  4  7]
 [11 10 12 15  3 14  1  4  7 16  8  9  5 13  6  2]]

[[ 1  2  3  4  5  6  7  8  9 10 11 12 13 14 15 16]
 [10  5 15 11  2 16  4 13  8 14  1  7  9  6  3 12]
 [12  9  7 16  1 15 11 14 13  3  5  6 10  2  8  4]
 [ 6  8 13 14 10  3  9 12 16  4 15  2  1  7 11  5]
 [16  4 10  6 14  7  3 15  1  8 12 11  2  5 13  9]
 [ 8  1 11 12  4 13  6 10  2  7  9  5  3 15 16 14]
 [ 2  3  5  7 12  1 16  9  4 15 14 13  6  8 10 11]
 [ 9 15 14 13 11  8  2  5 10  6  3 16 12  4  7  1]
 [13 12  6  2  9 10 15  3 14  1 16  4  7 11  5  8]
 [15 11 16 10 13  5 14  2  3 12  7  8  4  9  1  6]
 [ 4  7  8  3 16 11 12  1  5  9  6 15 14 10  2 13]
 [ 5 14  1  9  7  4  8  6 11  2 13 10 16  3 12 15]
 [ 3  6  2  1  8 12 13  7 15  5  4 14 11 16  9 10]
 [ 7 16  4  5 15  9 10 11  6 13  2  1  8 12 14  3]
 [14 13  9  8  6  2  5 16 12 11 10  3 15  1  4  7]
 [11 10 12 15  3 14  1  4  7 16  8  9  5 13  6  2]]

[[ 1  2  3  4  5  6  7  8  9 10 11 12 13 14 15 16]
 [10  5 15 11  2 16  4 13  8 14  1  7  9  6  3 12]
 [12  9  7 16  1 15 11 14 13  3  5  6 10  2  8  4]
 [ 6  8 13 14 10  3  9 12 16  4 15  2  1  7 11  5]
 [16  4 10  6 14  7  3 15  1  8 12 11  2  5 13  9]
 [ 8  1 11 12  4 13  6 10  2  7  9  5  3 15 16 14]
 [ 2  7  5  3 12  1 16  9  4 15 14 13  6 11 10  8]
 [ 9 15 14 13 11  8  2  5 10  6  3 16 12  4  7  1]
 [13 12  6  2  9 10 15  3 14  1 16  4  7  8  5 11]
 [15 11 16 10  7  5 14  1  3 12 13  8  4  9  2  6]
 [ 4  3  8  7 16 11 12  2  5  9  6 15 14 10  1 13]
 [ 5 14  1  9 13  4  8  6 11  2  7 10 16  3 12 15]
 [ 3  6  2  1  8 12 13  7 15  5  4 14 11 16  9 10]
 [ 7 16  4  5 15  9 10 11  6 13  2  1  8 12 14  3]
 [14 13  9  8  6  2  5 16 12 11 10  3 15  1  4  7]
 [11 10 12 15  3 14  1  4  7 16  8  9  5 13  6  2]]

[[ 1  2  3  4  5  6  7  8  9 10 11 12 13 14 15 16]
 [10  5 15 11  2 16  4 13  8 14  1  7  9  6  3 12]
 [12  9  7 16  1 15 11 14 13  3  5  6 10  2  8  4]
 [13  8  6 14 10  3  9 12 16  4 15  2  1  7 11  5]
 [16  4 10  6 14  7  3 15  1  8 12 11  2  5 13  9]
 [ 8  1 11 12  4 13  6 10  2  7  9  5  3 15 16 14]
 [ 2  3  5  7 12  1 16  9  4 15 14 13  6 11 10  8]
 [ 9 15 14 13 11  8  2  5 10  6  3 16 12  4  7  1]
 [ 6 12 13  2  9 10 15  3 14  1 16  4  7  8  5 11]
 [15 11 16 10  7  5 14  2  3 12 13  8  4  9  1  6]
 [ 4  7  8  3 16 11 12  1  5  9  6 15 14 10  2 13]
 [ 5 14  1  9 13  4  8  6 11  2  7 10 16  3 12 15]
 [ 3  6  2  1  8 12 13  7 15  5  4 14 11 16  9 10]
 [ 7 16  4  5 15  9 10 11  6 13  2  1  8 12 14  3]
 [14 13  9  8  6  2  5 16 12 11 10  3 15  1  4  7]
 [11 10 12 15  3 14  1  4  7 16  8  9  5 13  6  2]]

[[ 1  2  3  4  5  6  7  8  9 10 11 12 13 14 15 16]
 [10  5 15 11  2 16  4 13  8 14  1  7  9  6  3 12]
 [12  9  7 16  1 15 11 14 13  3  5  6 10  2  8  4]
 [ 6  8 13 14 10  3  9 12 16  4 15  2  1  7 11  5]
 [16  4 10  6 14  7 15  3  1  8 12 11  2  5 13  9]
 [ 8  1 11 12  4 13  6 10  2  7  9  5  3 15 16 14]
 [ 2  7  5  3 12  1 16  9  4 15 14 13  6 11 10  8]
 [14 15  9 13 11  8  2  5 10  6  3 16 12  4  7  1]
 [13 12  6  2  9 10  3 15 14  1 16  4  7  8  5 11]
 [15 11 16 10 13  5 14  2  3 12  7  8  4  9  1  6]
 [ 4  3  8  7 16 11 12  1  5  9  6 15 14 10  2 13]
 [ 5 14  1  9  7  4  8  6 11  2 13 10 16  3 12 15]
 [ 3  6  2  1  8 12 13  7 15  5  4 14 11 16  9 10]
 [ 7 16  4  5 15  9 10 11  6 13  2  1  8 12 14  3]
 [ 9 13 14  8  6  2  5 16 12 11 10  3 15  1  4  7]
 [11 10 12 15  3 14  1  4  7 16  8  9  5 13  6  2]]

[[ 1  2  3  4  5  6  7  8  9 10 11 12 13 14 15 16]
 [10  5 15 11  2 16  4 13  8 14  1  7  9  6  3 12]
 [12  9  7 16  1 15 11 14 13  3  5  6 10  2  8  4]
 [ 6  8 13 14 10  3  9 12 16  4 15  2  1  7 11  5]
 [16  4 10  6 14  7  3 15  1  8 12 11  2  5 13  9]
 [ 8  1 11 12  4 13  6 10  2  7  9  5  3 15 16 14]
 [ 2  3  5  7 12  1 16  9  4 15 14 13  6 11 10  8]
 [ 9 15 14 13 11  8  2  5 10  6  3 16 12  4  7  1]
 [13 12  6  2  9 10 15  3 14  1 16  4  7  8  5 11]
 [15 11 16 10  7  5 14  2  3 12 13  8  4  9  1  6]
 [ 4  7  8  3 16 11 12  1  5  9  6 15 14 10  2 13]
 [ 5 14  1  9  8  4 13  6 11  2  7 10 16  3 12 15]
 [ 3  6  2  1 13 12  8  7 15  5  4 14 11 16  9 10]
 [ 7 16  4  5 15  9 10 11  6 13  2  1  8 12 14  3]
 [14 13  9  8  6  2  5 16 12 11 10  3 15  1  4  7]
 [11 10 12 15  3 14  1  4  7 16  8  9  5 13  6  2]]

[[ 1  2  3  4  5  6  7  8  9 10 11 12 13 14 15 16]
 [10  5 15 11  2 16  4 13  8 14  1  7  9  6  3 12]
 [12  9  7 16  1 15 11 14 13  3  5  6 10  2  8  4]
 [ 6  8 13 14 10  3  9 12 16  4 15  2  1  7 11  5]
 [16  4 10  6 14  7  3 15  1  8 12 11  2  5 13  9]
 [ 8  1 11 12  4 13  6 10  2  7  9  5  3 15 16 14]
 [ 2  3  5  7 12  1 16  9  4 15 14 13  6  8 10 11]
 [ 9 15 14 13 11  8  2  5 10  6  3 16 12  4  7  1]
 [13 12  6  2  9 10 15  3 14  1 16  4  7 11  5  8]
 [15 11 16 10  7  5 14  2  3 12 13  8  4  9  1  6]
 [ 4  7  8  3 16 11 12  1  5  9  6 15 14 10  2 13]
 [ 5 14  1  9  8  4 13  6 11  2  7 10 16  3 12 15]
 [ 3  6  2  1 13 12  8  7 15  5  4 14 11 16  9 10]
 [ 7 16  4  5 15  9 10 11  6 13  2  1  8 12 14  3]
 [14 13  9  8  6  2  5 16 12 11 10  3 15  1  4  7]
 [11 10 12 15  3 14  1  4  7 16  8  9  5 13  6  2]]

[[ 1  2  3  4  5  6  7  8  9 10 11 12 13 14 15 16]
 [10  5 15 11  2 16  4 13  8 14  1  7  9  6  3 12]
 [12  9  7 16  1 15 11 14 13  3  5  6 10  2  8  4]
 [ 6  8 13 14 10  3  9 12 16  4 15  2  1  7 11  5]
 [16  4 10  6 14  7  3 15  1  8 12 11  2  5 13  9]
 [ 8  1 11 12  4 13  6 10  2  7  9  5  3 15 16 14]
 [ 2  3  5  7 16  1 12  9  4 15 14 13  6 11 10  8]
 [ 9 15 14 13 11  8  2  5 10  6  3 16 12  4  7  1]
 [13 12  6  2  9 10 15  3 14  1 16  4  7  8  5 11]
 [15 11 16 10  7  5 14  1  3 12 13  8  4  9  2  6]
 [ 4  7  8  3 12 11 16  2  5  9  6 15 14 10  1 13]
 [ 5 14  1  9 13  4  8  6 11  2  7 10 16  3 12 15]
 [ 3  6  2  1  8 12 13  7 15  5  4 14 11 16  9 10]
 [ 7 16  4  5 15  9 10 11  6 13  2  1  8 12 14  3]
 [14 13  9  8  6  2  5 16 12 11 10  3 15  1  4  7]
 [11 10 12 15  3 14  1  4  7 16  8  9  5 13  6  2]]

[[ 1  2  3  4  5  6  7  8  9 10 11 12 13 14 15 16]
 [10  5 15 11  2 16  4 13  8 14  1  7  9  6  3 12]
 [12  9  7 16  1 15 11 14 13  3  5  6 10  2  8  4]
 [ 6  8 13 14 10  3  9 12 16  4 15  2  1  7 11  5]
 [16  4 10  6 14  7  3 15  1  8 12 11  2  5 13  9]
 [ 8  1 11 12  4 13  6 10  2  7  9  5  3 15 16 14]
 [ 2  3  5  7 16  1 12  9  4 15 14 13  6  8 10 11]
 [ 9 15 14 13 11  8  2  5 10  6  3 16 12  4  7  1]
 [13 12  6  2  9 10 15  3 14  1 16  4  7 11  5  8]
 [15 11 16 10 13  5 14  2  3 12  7  8  4  9  1  6]
 [ 4  7  8  3 12 11 16  1  5  9  6 15 14 10  2 13]
 [ 5 14  1  9  7  4  8  6 11  2 13 10 16  3 12 15]
 [ 3  6  2  1  8 12 13  7 15  5  4 14 11 16  9 10]
 [ 7 16  4  5 15  9 10 11  6 13  2  1  8 12 14  3]
 [14 13  9  8  6  2  5 16 12 11 10  3 15  1  4  7]
 [11 10 12 15  3 14  1  4  7 16  8  9  5 13  6  2]]

[[ 1  2  3  4  5  6  7  8  9 10 11 12 13 14 15 16]
 [10  5 15 11  2 16  4 13  8 14  1  7  9  6  3 12]
 [12  9  7 16  1 15 11 14 13  3  5  6 10  2  8  4]
 [ 6  8 13 14 10  3  9 12 16  4 15  2  1  7 11  5]
 [16  4 10  6 14  7 15  3  1  8 12 11  2  5 13  9]
 [ 8  1 11 12  4 13  6 10  2  7  9  5  3 15 16 14]
 [ 2  3  5  7 12  1 16  9  4 15 14 13  6  8 10 11]
 [ 9 15 14 13 11  8  2  5 10  6  3 16 12  4  7  1]
 [13 12  6  2  9 10  3 15 14  1 16  4  7 11  5  8]
 [15 11 16 10 13  5 14  2  3 12  7  8  4  9  1  6]
 [ 4  7  8  3 16 11 12  1  5  9  6 15 14 10  2 13]
 [ 5 14  1  9  7  4  8  6 11  2 13 10 16  3 12 15]
 [ 3  6  2  1  8 12 13  7 15  5  4 14 11 16  9 10]
 [ 7 16  4  5 15  9 10 11  6 13  2  1  8 12 14  3]
 [14 13  9  8  6  2  5 16 12 11 10  3 15  1  4  7]
 [11 10 12 15  3 14  1  4  7 16  8  9  5 13  6  2]]

[[ 1  2  3  4  5  6  7  8  9 10 11 12 13 14 15 16]
 [10  5 15 11  2 16  4 13  8 14  1  7  9  6  3 12]
 [12  9  7 16  1 15 11 14 13  3  5  6 10  2  8  4]
 [ 6  8 13 14 10  3  9 12 16  4 15  2  1  7 11  5]
 [16  4 10  6 14  7  3 15  1  8 12 11  2  5 13  9]
 [ 8  1 11 12 13  4  6 10  2  7  9  5  3 15 16 14]
 [ 2  3  5  7 12  1 16  9  4 15 14 13  6  8 10 11]
 [ 9 15 14 13 11  8  2  5 10  6  3 16 12  4  7  1]
 [13 12  6  2  9 10 15  3 14  1 16  4  7 11  5  8]
 [15 11 16 10  7  5 14  2  3 12 13  8  4  9  1  6]
 [ 4  7  8  3 16 11 12  1  5  9  6 15 14 10  2 13]
 [ 5 14  1  9  4 13  8  6 11  2  7 10 16  3 12 15]
 [ 3  6  2  1  8 12 13  7 15  5  4 14 11 16  9 10]
 [ 7 16  4  5 15  9 10 11  6 13  2  1  8 12 14  3]
 [14 13  9  8  6  2  5 16 12 11 10  3 15  1  4  7]
 [11 10 12 15  3 14  1  4  7 16  8  9  5 13  6  2]]

[[ 1  2  3  4  5  6  7  8  9 10 11 12 13 14 15 16]
 [10  5 15 11  2 16  4 13  8 14  1  7  9  6  3 12]
 [12  9  7 16  1 15 11 14 13  3  5  6 10  2  8  4]
 [ 6  8 13 14 10  3  9 12 16  4 15  2  1  7 11  5]
 [16  4 10  6 14  7 15  3  1  8 12 11  2  5 13  9]
 [ 8  1 11 12  4 13  6 10  2  7  9  5  3 15 16 14]
 [ 2  3  5  7 12  1 16  9  4 15 14 13  6  8 10 11]
 [ 9 15 14 13 11  8  2  5 10  6  3 16 12  4  7  1]
 [13 12  6  2  9 10  3 15 14  1 16  4  7 11  5  8]
 [15 11 16 10  7  5 14  2  3 12 13  8  4  9  1  6]
 [ 4  7  8  3 16 11 12  1  5  9  6 15 14 10  2 13]
 [ 5 14  1  9 13  4  8  6 11  2  7 10 16  3 12 15]
 [ 3  6  2  1  8 12 13  7 15  5  4 14 11 16  9 10]
 [ 7 16  4  5 15  9 10 11  6 13  2  1  8 12 14  3]
 [14 13  9  8  6  2  5 16 12 11 10  3 15  1  4  7]
 [11 10 12 15  3 14  1  4  7 16  8  9  5 13  6  2]]

[[ 1  2  3  4  5  6  7  8  9 10 11 12 13 14 15 16]
 [10  5 15 11  2 16  4 13  8 14  1  7  9  6  3 12]
 [12  9  7 16  1 15 11 14 13  3  5  6 10  2  8  4]
 [ 6  8 13 14 10  3  9 12 16  4 15  2  1  7 11  5]
 [16  4 10  6 14  7  3 15  1  8 12 11  2  5 13  9]
 [ 8  1 11 12 13  4  6 10  2  7  9  5  3 15 16 14]
 [ 2  3  5  7 12  9 16  1  4 15 14 13  6  8 10 11]
 [ 9 15 14 13 11  8  2  5 10  6  3 16 12  4  7  1]
 [13 12  6  2  9 10 15  3 14  1 16  4  7 11  5  8]
 [15 11 16 10  7  5 14  2  3 12 13  8  4  9  1  6]
 [ 4  7  8  3 16  1 12 11  5  9  6 15 14 10  2 13]
 [ 5 14  1  9  4 13  8  6 11  2  7 10 16  3 12 15]
 [ 3  6  2  1  8 12 13  7 15  5  4 14 11 16  9 10]
 [ 7 16  4  5 15 11 10  9  6 13  2  1  8 12 14  3]
 [14 13  9  8  6  2  5 16 12 11 10  3 15  1  4  7]
 [11 10 12 15  3 14  1  4  7 16  8  9  5 13  6  2]]

[[ 1  2  3  4  5  6  7  8  9 10 11 12 13 14 15 16]
 [10  5 15 11  2 16  4 13  8 14  1  7  9  6  3 12]
 [12  9  7 16  1 15 11 14 13  3  5  6 10  2  8  4]
 [ 6  8 13 14 10  3  9 12 16  4 15  2  1  7 11  5]
 [16  4 10  6 14  7 15  3  1  8 12 11  2  5 13  9]
 [ 8  1 11 12  4 13  6 10  2  7  9  5  3 15 16 14]
 [ 2  3  5  7 16  1 12  9  4 15 14 13  6  8 10 11]
 [ 9 15 14 13 11  8  2  5 10  6  3 16 12  4  7  1]
 [13 12  6  2  9 10  3 15 14  1 16  4  7 11  5  8]
 [15 11 16 10  7  5 14  2  3 12 13  8  4  9  1  6]
 [ 4  7  8  3 12 11 16  1  5  9  6 15 14 10  2 13]
 [ 5 14  1  9 13  4  8  6 11  2  7 10 16  3 12 15]
 [ 3  6  2  1  8 12 13  7 15  5  4 14 11 16  9 10]
 [ 7 16  4  5 15  9 10 11  6 13  2  1  8 12 14  3]
 [14 13  9  8  6  2  5 16 12 11 10  3 15  1  4  7]
 [11 10 12 15  3 14  1  4  7 16  8  9  5 13  6  2]]

[[ 1  2  3  4  5  6  7  8  9 10 11 12 13 14 15 16]
 [10  5 15 11  2 16  4 13  8 14  1  7  9  6  3 12]
 [12  9  7 16  1 15 11 14 13  3  5  6 10  2  8  4]
 [ 6  8 13 14 10  3  9 12 16  4 15  2  1  7 11  5]
 [16  4 10  6 14  7 15  3  1  8 12 11  2  5 13  9]
 [ 8  1 11 12  4 13  6 10  2  7  9  5  3 15 16 14]
 [ 2  7  5  3 12  1 16  9  4 15 14 13  6  8 10 11]
 [ 9 15 14 13 11  8  2  5 10  6  3 16 12  4  7  1]
 [13 12  6  2  9 10  3 15 14  1 16  4  7 11  5  8]
 [15 11 16 10  7  5 14  2  3 12 13  8  4  9  1  6]
 [ 4  3  8  7 16 11 12  1  5  9  6 15 14 10  2 13]
 [ 5 14  1  9 13  4  8  6 11  2  7 10 16  3 12 15]
 [ 3  6  2  1  8 12 13  7 15  5  4 14 11 16  9 10]
 [ 7 16  4  5 15  9 10 11  6 13  2  1  8 12 14  3]
 [14 13  9  8  6  2  5 16 12 11 10  3 15  1  4  7]
 [11 10 12 15  3 14  1  4  7 16  8  9  5 13  6  2]]

[[ 1  2  3  4  5  6  7  8  9 10 11 12 13 14 15 16]
 [10  5 15 11  2 16  4 13  8 14  1  7  9  6  3 12]
 [12  9  7 16  1 15 11 14 13  3  5  6 10  2  8  4]
 [ 6  8 13 14 10  3  9 12 16  4 15  2  1  7 11  5]
 [16  4 10  6 14  7 15  3  1  8 12 11  2  5 13  9]
 [ 8  1 11 12 13  4  6 10  2  7  9  5  3 15 16 14]
 [ 2  3  5  7 16  1 12  9  4 15 14 13  6  8 10 11]
 [ 9 15 14 13 11  8  2  5 10  6  3 16 12  4  7  1]
 [13 12  6  2  9 10  3 15 14  1 16  4  7 11  5  8]
 [15 11 16 10  7  5 14  2  3 12 13  8  4  9  1  6]
 [ 4  7  8  3 12 11 16  1  5  9  6 15 14 10  2 13]
 [ 5 14  1  9  4 13  8  6 11  2  7 10 16  3 12 15]
 [ 3  6  2  1  8 12 13  7 15  5  4 14 11 16  9 10]
 [ 7 16  4  5 15  9 10 11  6 13  2  1  8 12 14  3]
 [14 13  9  8  6  2  5 16 12 11 10  3 15  1  4  7]
 [11 10 12 15  3 14  1  4  7 16  8  9  5 13  6  2]]

[[ 1  2  3  4  5  6  7  8  9 10 11 12 13 14 15 16]
 [10  5 15 11  2 16  4 13  8 14  1  7  9  6  3 12]
 [12  9  7 16  1 15 11 14 13  3  5  6 10  2  8  4]
 [13  8  6 14 10  3  9 12 16  4 15  2  1  7 11  5]
 [16  4 10  6 14  7  3 15  1  8 12 11  2  5 13  9]
 [ 8  1 11 12 13  4  6 10  2  7  9  5  3 15 16 14]
 [ 2  3  5  7 12  1 16  9  4 15 14 13  6  8 10 11]
 [ 9 15 14 13 11  8  2  5 10  6  3 16 12  4  7  1]
 [ 6 12 13  2  9 10 15  3 14  1 16  4  7 11  5  8]
 [15 11 16 10  7  5 14  2  3 12 13  8  4  9  1  6]
 [ 4  7  8  3 16 11 12  1  5  9  6 15 14 10  2 13]
 [ 5 14  1  9  4 13  8  6 11  2  7 10 16  3 12 15]
 [ 3  6  2  1  8 12 13  7 15  5  4 14 11 16  9 10]
 [ 7 16  4  5 15  9 10 11  6 13  2  1  8 12 14  3]
 [14 13  9  8  6  2  5 16 12 11 10  3 15  1  4  7]
 [11 10 12 15  3 14  1  4  7 16  8  9  5 13  6  2]]

[[ 1  2  3  4  5  6  7  8  9 10 11 12 13 14 15 16]
 [10  5 15 11  2 16  4 13  8 14  1  7  9  6 12  3]
 [12  9  7 16  1 15 11 14 13  3  5  6 10  2  8  4]
 [ 6 13 14  8 10  3  9 12 16  4 15  2  1  7  5 11]
 [16  4 10  6 14  7  3 15  1  8 12 11  2  5 13  9]
 [ 8  1 11 12  4 13  6 10  2  7  9  5 16 15  3 14]
 [ 2  7  9  3 12  1 16  5  4 15 14 13  6 11 10  8]
 [14 15  5 13 11  8  2  9 10  6  3 16 12  4  7  1]
 [13 12  6  2  9 10 15  3 14  1 16  4  7  8 11  5]
 [15 11 16 10 13  5 14  1  3 12  7  8  4  9  2  6]
 [ 4  3  8  7 16 11 12  2  5  9  6 15 14 10  1 13]
 [ 5 14  1  9  7  4  8  6 11  2 13 10  3 12 16 15]
 [ 3  6  2  1  8 12 13  7 15  5  4 14 11 16  9 10]
 [ 7 16  4  5 15  9 10 11  6 13  2  1  8  3 14 12]
 [ 9  8 13 14  6  2  5 16 12 11 10  3 15  1  4  7]
 [11 10 12 15  3 14  1  4  7 16  8  9  5 13  6  2]]

[[ 1  2  3  4  5  6  7  8  9 10 11 12 13 14 15 16]
 [10  5 15 11  2 16  4 13  8 14  1  7  9  6  3 12]
 [12  9  7 16  1 15 11 14 13  3  5  6 10  2  8  4]
 [ 6  8 13 14 10  3  9 12 16  4 15  2  1  7  5 11]
 [16  4 10  6 14  7 15  3  1  8 12 11  2  5 13  9]
 [ 8  1 11 12  4 13  6 10  2  7  9  5  3 15 16 14]
 [ 2  7  5  3 12  1 16  9  4 15 14 13  6 11 10  8]
 [14 15  9 13 11  8  2  5 10  6  3 16 12  4  7  1]
 [13 12  6  2  9 10  3 15 14  1 16  4  7  8 11  5]
 [15 11 16 10 13  5 14  2  3 12  7  8  4  9  1  6]
 [ 4  3  8  7 16 11 12  1  5  9  6 15 14 10  2 13]
 [ 5 14  1  9  7  4  8  6 11  2 13 10 16  3 12 15]
 [ 3  6  2  1  8 12 13  7 15  5  4 14 11 16  9 10]
 [ 7 16  4  5 15  9 10 11  6 13  2  1  8 12 14  3]
 [ 9 13 14  8  6  2  5 16 12 11 10  3 15  1  4  7]
 [11 10 12 15  3 14  1  4  7 16  8  9  5 13  6  2]]

[[ 1  2  3  4  5  6  7  8  9 10 11 12 13 14 15 16]
 [10  5 15 11  2 16  4 13  8 14  1  7  9  6 12  3]
 [12  9  7 16  1 15 11 14 13  3  5  6 10  2  8  4]
 [ 6 13 14  8 10  3  9 12 16  4 15  2  1  7  5 11]
 [16  4 10  6 14  7  3 15  1  8 12 11  2  5 13  9]
 [ 8  1 11 12  4 13  6 10  2  7  9  5 16 15  3 14]
 [ 2  7  9  3 12  1  5 16  4 15 14 13  6 11 10  8]
 [14 15  5 13 11  8  2  9 10  6  3 16 12  4  7  1]
 [13 12  6  2  9 10 15  3 14  1 16  4  7  8 11  5]
 [15 11 16 10 13  5 14  1  3 12  7  8  4  9  2  6]
 [ 4  3  8  7 16 11 12  2  5  9  6 15 14 10  1 13]
 [ 5 14  1  9  7  4  8  6 11  2 13 10  3 12 16 15]
 [ 3  6  2  1  8 12 13  7 15  5  4 14 11 16  9 10]
 [ 7 16  4  5 15  9 10 11  6 13  2  1  8  3 14 12]
 [ 9  8 13 14  6  2 16  5 12 11 10  3 15  1  4  7]
 [11 10 12 15  3 14  1  4  7 16  8  9  5 13  6  2]]

[[ 1  2  3  4  5  6  7  8  9 10 11 12 13 14 15 16]
 [10  5 15 11  2 16  4 13  8 14  1  7  9  6  3 12]
 [12  9  7 16  1 15 11 14 13  3  5  6 10  2  8  4]
 [ 6  8 13 14 10  3  9 12 16  4 15  2  1  7 11  5]
 [16  4 10  6 14  7 15  3  1  8 12 11  2  5 13  9]
 [ 8  1 11 12 13  4  6 10  2  7  9  5  3 15 16 14]
 [ 2  7  5  3 16  1 12  9  4 15 14 13  6  8 10 11]
 [ 9 15 14 13 11  8  2  5 10  6  3 16 12  4  7  1]
 [13 12  6  2  9 10  3 15 14  1 16  4  7 11  5  8]
 [15 11 16 10  7  5 14  2  3 12 13  8  4  9  1  6]
 [ 4  3  8  7 12 11 16  1  5  9  6 15 14 10  2 13]
 [ 5 14  1  9  4 13  8  6 11  2  7 10 16  3 12 15]
 [ 3  6  2  1  8 12 13  7 15  5  4 14 11 16  9 10]
 [ 7 16  4  5 15  9 10 11  6 13  2  1  8 12 14  3]
 [14 13  9  8  6  2  5 16 12 11 10  3 15  1  4  7]
 [11 10 12 15  3 14  1  4  7 16  8  9  5 13  6  2]]

[[ 1  2  3  4  5  6  7  8  9 10 11 12 13 14 15 16]
 [10  5 15 11  2 16  4 13  8 14  1  7  9  6 12  3]
 [12  9  7 16  1 15 11 14 13  3  5  6 10  2  8  4]
 [ 6 13 14  8 10  3  9 12 16  4 15  2  1  7  5 11]
 [16  4 10  6 14  7  3 15  1  8 12 11  2  5 13  9]
 [ 8  1 11 12  4 13  6 10  2  7  9  5 16 15  3 14]
 [ 2  7  9  3 12  5 16  1  4 15 14 13  6 11 10  8]
 [14 15  5 13 11  8  2  9 10  6  3 16 12  4  7  1]
 [13 12  6  2  9 10 15  3 14  1 16  4  7  8 11  5]
 [15 11 16 10 13  1 14  5  3 12  7  8  4  9  2  6]
 [ 4  3  8  7 16 11 12  2  5  9  6 15 14 10  1 13]
 [ 5 14  1  9  7  4  8  6 11  2 13 10  3 12 16 15]
 [ 3  6  2  1  8 12 13  7 15  5  4 14 11 16  9 10]
 [ 7 16  4  5 15  9 10 11  6 13  2  1  8  3 14 12]
 [ 9  8 13 14  6  2  5 16 12 11 10  3 15  1  4  7]
 [11 10 12 15  3 14  1  4  7 16  8  9  5 13  6  2]]

[[ 1  2  3  4  5  6  7  8  9 10 11 12 13 14 15 16]
 [10  5 15 11  2 16  4 13  8 14  1  7  9  6  3 12]
 [12  9  7 16  1 15 11 14 13  3  5  6 10  2  8  4]
 [13  8  6 14 10  3  9 12 16  4 15  2  1  7 11  5]
 [16  4 10  6 14  7  3 15  1  8 12 11  2  5 13  9]
 [ 8  1 11 12 13  4  6 10  2  7  9  5  3 15 16 14]
 [ 2  7  5  3 12  1 16  9  4 15 14 13  6  8 10 11]
 [ 9 15 14 13 11  8  2  5 10  6  3 16 12  4  7  1]
 [ 6 12 13  2  9 10 15  3 14  1 16  4  7 11  5  8]
 [15 11 16 10  7  5 14  2  3 12 13  8  4  9  1  6]
 [ 4  3  8  7 16 11 12  1  5  9  6 15 14 10  2 13]
 [ 5 14  1  9  4 13  8  6 11  2  7 10 16  3 12 15]
 [ 3  6  2  1  8 12 13  7 15  5  4 14 11 16  9 10]
 [ 7 16  4  5 15  9 10 11  6 13  2  1  8 12 14  3]
 [14 13  9  8  6  2  5 16 12 11 10  3 15  1  4  7]
 [11 10 12 15  3 14  1  4  7 16  8  9  5 13  6  2]]

[[ 1  2  3  4  5  6  7  8  9 10 11 12 13 14 15 16]
 [10  5 15 11  2 16  4 13  8 14  1  7  9  6 12  3]
 [12  9  7 16  1 15 11 14 13  3  5  6 10  2  8  4]
 [ 6 13 14  8 10  3  9 12 16  4 15  2  1  7  5 11]
 [16  4 10  6 14  7  3 15  1  8 12 11  2  5 13  9]
 [ 8  1 11 12  4 13  6 10  2  7  9  5 16 15  3 14]
 [ 2  3  9  7 12  1  5 16  4 15 14 13  6 11 10  8]
 [14 15  5 13 11  8  2  9 10  6  3 16 12  4  7  1]
 [13 12  6  2  9 10 15  3 14  1 16  4  7  8 11  5]
 [15 11 16 10 13  5 14  1  3 12  7  8  4  9  2  6]
 [ 4  7  8  3 16 11 12  2  5  9  6 15 14 10  1 13]
 [ 5 14  1  9  7  4  8  6 11  2 13 10  3 12 16 15]
 [ 3  6  2  1  8 12 13  7 15  5  4 14 11 16  9 10]
 [ 7 16  4  5 15  9 10 11  6 13  2  1  8  3 14 12]
 [ 9  8 13 14  6  2 16  5 12 11 10  3 15  1  4  7]
 [11 10 12 15  3 14  1  4  7 16  8  9  5 13  6  2]]

[[ 1  2  3  4  5  6  7  8  9 10 11 12 13 14 15 16]
 [10  5 15 16  2 11  4 13  8 14  1  7  9  6  3 12]
 [12  9  7 11  1 15 16 14 13  3  5  6 10  2  8  4]
 [ 6  8 13 14 10  3  9 12 16  4 15  2  1  7 11  5]
 [16  4 10  6 14  7 15  3  1  8 12 11  2  5 13  9]
 [ 8  1 11 12  4 13  6 10  2  7  9  5  3 15 16 14]
 [ 2  3  5  7 16  1 12  9  4 15 14 13  6  8 10 11]
 [ 9 15 14 13 11  8  2  5 10  6  3 16 12  4  7  1]
 [13 12  6  2  9 10  3 15 14  1 16  4  7 11  5  8]
 [15 11 16 10  7  5 14  2  3 12 13  8  4  9  1  6]
 [ 4  7  8  3 12 16 11  1  5  9  6 15 14 10  2 13]
 [ 5 14  1  9 13  4  8  6 11  2  7 10 16  3 12 15]
 [ 3  6  2  1  8 12 13  7 15  5  4 14 11 16  9 10]
 [ 7 16  4  5 15  9 10 11  6 13  2  1  8 12 14  3]
 [14 13  9  8  6  2  5 16 12 11 10  3 15  1  4  7]
 [11 10 12 15  3 14  1  4  7 16  8  9  5 13  6  2]]

[[ 1  2  3  4  5  6  7  8  9 10 11 12 13 14 15 16]
 [10  5 15 11  2 16  4 13  8 14  1  7  9  6  3 12]
 [12  9  7 16  1 15 11 14 13  3  5  6 10  2  8  4]
 [ 6  8 13 14 10  3  9 12 16  4 15  2  1  7 11  5]
 [16  4 10  6 14  7  3 15  1  8 12 11  2  5 13  9]
 [ 8  1 11 12  4 13  6 10  2  7  9  5  3 15 16 14]
 [ 2  7  5  3 12  1 16  9  4 15 14 13  6  8 10 11]
 [14 15  9 13 11  8  2  5 10  6  3 16 12  4  7  1]
 [13 12  6  2  9 10 15  3 14  1 16  4  7 11  5  8]
 [15 11 16 10 13  5 14  2  3 12  7  8  4  9  1  6]
 [ 4  3  8  7 16 11 12  1  5  9  6 15 14 10  2 13]
 [ 5 14  1  9  7  4  8  6 11  2 13 10 16  3 12 15]
 [ 3  6  2  1  8 12 13  7 15  5  4 14 11 16  9 10]
 [ 7 16  4  5 15  9 10 11  6 13  2  1  8 12 14  3]
 [ 9 13 14  8  6  2  5 16 12 11 10  3 15  1  4  7]
 [11 10 12 15  3 14  1  4  7 16  8  9  5 13  6  2]]

[[ 1  2  3  4  5  6  7  8  9 10 11 12 13 14 15 16]
 [10  5 15 16  2 11  4 13  8 14  1  7  9  6  3 12]
 [12  9  7 11  1 15 16 14 13  3  5  6 10  2  8  4]
 [ 6  8 14 13 10  3  9 12 16  4 15  2  1  7 11  5]
 [16  4 10  6 14  7 15  3  1  8 12 11  2  5 13  9]
 [ 8  1 11 12  4 13  6 10  2  7  9  5  3 15 16 14]
 [ 2  3  5  7 16  1 12  9  4 15 14 13  6  8 10 11]
 [ 9 15 13 14 11  8  2  5 10  6  3 16 12  4  7  1]
 [13 12  6  2  9 10  3 15 14  1 16  4  7 11  5  8]
 [15 11 16 10  7  5 14  2  3 12 13  8  4  9  1  6]
 [ 4  7  8  3 12 16 11  1  5  9  6 15 14 10  2 13]
 [ 5 14  1  9 13  4  8  6 11  2  7 10 16  3 12 15]
 [ 3  6  2  1  8 12 13  7 15  5  4 14 11 16  9 10]
 [ 7 16  4  5 15  9 10 11  6 13  2  1  8 12 14  3]
 [14 13  9  8  6  2  5 16 12 11 10  3 15  1  4  7]
 [11 10 12 15  3 14  1  4  7 16  8  9  5 13  6  2]]

[[ 1  2  3  4  5  6  7  8  9 10 11 12 13 14 15 16]
 [10  5 15 11  2 16  4 13  8 14  1  7  9  6  3 12]
 [12  9  7 16  1 15 11 14 13  3  5  6 10  2  8  4]
 [ 6  8 13 14 10  3  9 12 16  4 15  2  1  7 11  5]
 [16  4 10  6 14  7 15  3  1  8 12 11  2  5 13  9]
 [ 8  1 11 12 13  4  6 10  2  7  9  5  3 15 16 14]
 [ 2  3  5  7 16  1 12  9  4 15 14 13  6  8 10 11]
 [14 15  9 13 11  8  2  5 10  6  3 16 12  4  7  1]
 [13 12  6  2  9 10  3 15 14  1 16  4  7 11  5  8]
 [15 11 16 10  7  5 14  2  3 12 13  8  4  9  1  6]
 [ 4  7  8  3 12 11 16  1  5  9  6 15 14 10  2 13]
 [ 5 14  1  9  4 13  8  6 11  2  7 10 16  3 12 15]
 [ 3  6  2  1  8 12 13  7 15  5  4 14 11 16  9 10]
 [ 7 16  4  5 15  9 10 11  6 13  2  1  8 12 14  3]
 [ 9 13 14  8  6  2  5 16 12 11 10  3 15  1  4  7]
 [11 10 12 15  3 14  1  4  7 16  8  9  5 13  6  2]]

