Number of solutions = 72

[[ 1  2  3  4  5  6  7  8  9 10 11 12 13 14 15 16]
 [ 7 16  9 11  1 14 10  4  3 13  5 15  8  2  6 12]
 [ 8 12 13  5 16 11 15  2  1 14  6  7  4  3 10  9]
 [14 15 10  6 12 13  3  9  4  8  2 16 11  7  1  5]
 [ 9  8 16 10  6 15  1 14  2  4  3 11  7  5 12 13]
 [ 4 11  6  2  3  7  9  5 14 15 12 13 10  8 16  1]
 [13  7 12 15 10  2  4 16  6  5  8  1  9 11  3 14]
 [ 5 14  1  3 13  8 11 12 16  9  7 10  6 15  2  4]
 [11  9 15  7 14  4 16  3 12  6  1  5  2 13  8 10]
 [ 6 10 14  1  2 12 13 11  8  3 16  9  5  4  7 15]
 [ 2 13  5 12  7  1  8 15 10 11  4 14  3 16  9  6]
 [16  3  4  8  9  5  6 10 13  7 15  2  1 12 14 11]
 [10  1 11  9  4  3 12  7 15 16 13  8 14  6  5  2]
 [15  4  7 14  8 16  2 13  5  1 10  6 12  9 11  3]
 [12  5  8 13 15 10 14  6 11  2  9  3 16  1  4  7]
 [ 3  6  2 16 11  9  5  1  7 12 14  4 15 10 13  8]]

[[ 1  2  3  4  5  6  7  8  9 10 11 12 13 14 15 16]
 [ 7 16  9 11  1 10 14  4  5 13  3 15  8  2  6 12]
 [ 8 12 13  5 16 11 15  2  1 14  6  7  4  3 10  9]
 [14 15 10  6 12 13  3  9  2  8  4 16 11  7  1  5]
 [ 9  8 16 10  6 15  1 14  3  4  2 11  7  5 12 13]
 [ 4 11  6  2  3  7  9  5 14 15 12 13 10  8 16  1]
 [13  7 12 15 10  2  4 16  6  5  8  1  9 11  3 14]
 [ 5 14  1  3 13  8 11 12 16  9  7 10  6 15  2  4]
 [11  9 15  7 14  4 16  3 12  6  1  5  2 13  8 10]
 [ 6 10 14  1  2 12 13 11  8  3 16  9  5  4  7 15]
 [ 2 13  5 12  7  1  8 15  4 11 10 14  3 16  9  6]
 [16  3  4  8  9  5  6 10 13  7 15  2  1 12 14 11]
 [10  1 11  9  4  3 12  7 15 16 13  8 14  6  5  2]
 [15  4  7 14  8 16  2 13 10  1  5  6 12  9 11  3]
 [12  5  8 13 15 14 10  6 11  2  9  3 16  1  4  7]
 [ 3  6  2 16 11  9  5  1  7 12 14  4 15 10 13  8]]

[[ 1  2  3  4  5  6  7  8  9 10 11 12 13 14 15 16]
 [ 7 16  9 11  1 14 10  4  3 15  5 13  8  2  6 12]
 [ 8 12 13  5 16 11 15  2  1 14  6  7  4  3 10  9]
 [14 15 10  6 12 13  3  9  4  8  2 16 11  7  1  5]
 [ 9  8 16 10  6 15  1 14  2  4  3 11  7  5 12 13]
 [ 4 11  6  2  3  7  9  5 14 13 12 15 10  8 16  1]
 [13  7 12 15 10  2  4 16  6  5  8  1  9 11  3 14]
 [ 5 14  1  3 13  8 11 12 16  9  7 10  6 15  2  4]
 [11  9 15  7 14  4 16  3 12  6  1  5  2 13  8 10]
 [ 6 10 14  1  2 12 13 11  8  3 16  9  5  4  7 15]
 [ 2 13  5 12  7  1  8 15 10 11  4 14  3 16  9  6]
 [16  3  4  8  9  5  6 10 13  7 15  2  1 12 14 11]
 [10  1 11  9  4  3 12  7 15 16 13  8 14  6  5  2]
 [15  4  7 14  8 16  2 13  5  1 10  6 12  9 11  3]
 [12  5  8 13 15 10 14  6 11  2  9  3 16  1  4  7]
 [ 3  6  2 16 11  9  5  1  7 12 14  4 15 10 13  8]]

[[ 1  2  3  4  5  6  7  8  9 10 11 12 13 14 15 16]
 [ 7 16  9 11  1 10 14  4  5 13  3 15  8  2  6 12]
 [ 8 12 13  5 16 11 15  2  1 14  6  7  4  3 10  9]
 [14 15 10  6 12 13  3  9  2  8  4 16 11  7  1  5]
 [ 9  8 16 10  6 15  1 14  3  4  2 11  7  5 12 13]
 [ 4 11  6  2  3  7  9  5 14 15 12 13 10  8 16  1]
 [13  7 12 15 10  2  4 16  6  5  8  1  9 11  3 14]
 [ 5 14  1  3 13  8 11 12 16  9  7 10  6 15  2  4]
 [11  9 15  7 14  4 16  3 12  6  1  5  2 13  8 10]
 [ 6 10 14  1  2 12 13 11  8  3 16  9  5  4  7 15]
 [ 2 13  5 12  7  1  8 15  4 11 10 14  3 16  9  6]
 [16  3  4  8  9  5  6 10 13  7 15  2  1 12 14 11]
 [10  1 11  9  4  3 12  7 15 16 13  8 14  6  5  2]
 [15  4  7 14  8 16  2 13 10  1  5  6 12  9 11  3]
 [12  5  8 13 15  9 10  6 11  2 14  3 16  1  4  7]
 [ 3  6  2 16 11 14  5  1  7 12  9  4 15 10 13  8]]

[[ 1  2  3  4  5  6  7  8  9 10 11 12 13 14 15 16]
 [ 7 16  9 11  1 10 14  4  5 13  3 15  8  2  6 12]
 [ 8 12 13  5 16 11 15  2  1 14  6  7  4  3 10  9]
 [14 15 10  6 12 13  3  9  2  8  4 16 11  7  1  5]
 [ 9  8 16 10  6 15  1 14  3  4  2 11  7  5 12 13]
 [ 4 11  6  2  3  7  9  5 14 15 12 13 10  8 16  1]
 [13  7 12 15 10  2  4 16  6  5  8  1  3 11  9 14]
 [ 5 14  1  3 13  8 11 12 16  9  7 10  6 15  2  4]
 [11  9 15  7 14  4 16  3 12  6  1  5  2 13  8 10]
 [ 6 10 14  1  2 12 13 11  8  3 16  9  5  4  7 15]
 [ 2 13  5 12  7  1  8 15  4 11 10 14  9 16  3  6]
 [16  3  4  8  9  5  6 10 13  7 15  2  1 12 14 11]
 [10  1 11  9  4  3 12  7 15 16 13  8 14  6  5  2]
 [15  4  7 14  8 16  2 13 10  1  5  6 12  9 11  3]
 [12  5  8 13 15 14 10  6 11  2  9  3 16  1  4  7]
 [ 3  6  2 16 11  9  5  1  7 12 14  4 15 10 13  8]]

[[ 1  2  3  4  5  6  7  8  9 10 11 12 13 14 15 16]
 [ 7 16  9 11  1 10 14  4  5 13  3 15  8  2  6 12]
 [ 8 12 13  5 16 11 15  2  1 14  6  7  4  3 10  9]
 [14 15 10  6 12 13  3  9  2  8  4 16 11  7  1  5]
 [ 9  8 16 10  6 15  1 14  3  4  2 11  7  5 12 13]
 [ 4 11  6  2  3  7  9  5 14 15 12 13 10  8 16  1]
 [13  7 12 15 10  2  4 16  6  5  8  1  9 11  3 14]
 [ 5 14  1  3 13  8 11 12 16  9  7 10  6  4  2 15]
 [11  9 15  7 14  4 16  3 12  6  1  5  2 13  8 10]
 [ 6 10 14  1  2 12 13 11  8  3 16  9  5 15  7  4]
 [ 2 13  5 12  7  1  8 15  4 11 10 14  3 16  9  6]
 [16  3  4  8  9  5  6 10 13  7 15  2  1 12 14 11]
 [10  1 11  9  4  3 12  7 15 16 13  8 14  6  5  2]
 [15  4  7 14  8 16  2 13 10  1  5  6 12  9 11  3]
 [12  5  8 13 15 14 10  6 11  2  9  3 16  1  4  7]
 [ 3  6  2 16 11  9  5  1  7 12 14  4 15 10 13  8]]

[[ 1  2  3  4  5  6  7  8  9 10 11 12 13 14 15 16]
 [ 7 16  9 11  1 14 10  4  3 13  5 15  8  2  6 12]
 [ 8 12 13  5 16 11 15  2  1 14  6  7  4  3 10  9]
 [14 15 10  6 12 13  3  9  4  8  2 16 11  7  1  5]
 [ 9  8 16 10  6 15  1 14  2  4  3 11  7  5 12 13]
 [ 4 11  6  2  3  7  9  5 14 15 12 13 10  8 16  1]
 [13  7 12 15 10  2  4 16  6  5  8  1  9 11  3 14]
 [ 5 14  1  3 13  8 11 12 16  9  7 10  6 15  2  4]
 [11  9 15  7 14  4 16  3 12  6  1  5  2 13  8 10]
 [ 6 10 14  1  2 12 13 11  8  3 16  9  5  4  7 15]
 [ 2 13  5 12  7  1  8 15 10 11  4 14  3 16  9  6]
 [16  3  4  8  9  5  6 10 15  7 13  2  1 12 14 11]
 [10  1 11  9  4  3 12  7 13 16 15  8 14  6  5  2]
 [15  4  7 14  8 16  2 13  5  1 10  6 12  9 11  3]
 [12  5  8 13 15 10 14  6 11  2  9  3 16  1  4  7]
 [ 3  6  2 16 11  9  5  1  7 12 14  4 15 10 13  8]]

[[ 1  2  3  4  5  6  7  8  9 10 11 12 13 14 15 16]
 [ 7 16  9 11  1 10 14  4  5 13  3 15  8  2  6 12]
 [ 8 12 13  5 16 11 15  2  1 14  6  7  4  3 10  9]
 [14 15 10  6 12 13  3  9  2  8  4 16 11  7  1  5]
 [10  8 16  9  6 15  1 14  3  4  2 11  7  5 12 13]
 [ 4 11  6  2  3  7  9  5 14 15 12 13 10  8 16  1]
 [13  7 12 15 10  2  4 16  6  5  8  1  3 11  9 14]
 [ 5 14  1  3 13  8 11 12 16  9  7 10  6 15  2  4]
 [11  9 15  7 14  4 16  3 12  6  1  5  2 13  8 10]
 [ 6 10 14  1  2 12 13 11  8  3 16  9  5  4  7 15]
 [ 2 13  5 12  7  1  8 15  4 11 10 14  9 16  3  6]
 [16  3  4  8  9  5  6 10 13  7 15  2  1 12 14 11]
 [ 9  1 11 10  4  3 12  7 15 16 13  8 14  6  5  2]
 [15  4  7 14  8 16  2 13 10  1  5  6 12  9 11  3]
 [12  5  8 13 15 14 10  6 11  2  9  3 16  1  4  7]
 [ 3  6  2 16 11  9  5  1  7 12 14  4 15 10 13  8]]

[[ 1  2  3  4  5  6  7  8  9 10 11 12 13 14 15 16]
 [ 7 16  9 11  1 10 14  4  5 13  3 15  8  2  6 12]
 [ 8 12 13  5 16 11 15  2  1 14  6  7  4  3 10  9]
 [14 15 10  6 12 13  3  9  2  8  4 16 11  7  1  5]
 [ 9  8 16 10  6 15  1 14  3  4  2 11  7  5 12 13]
 [ 4 11  6  2  3  7  9  5 14 15 12 13 10  8 16  1]
 [13  7 12 15 10  2  4 16  6  5  8  1  3 11  9 14]
 [ 5 14  1  3 13  8 11 12 16  9  7 10  6 15  2  4]
 [11  9 15  7 14  4 16  3 12  6  1  5  2 13  8 10]
 [ 6 10 14  1  2 12 13 11  8  3 16  9  5  4  7 15]
 [ 2 13  5 12  7  1  8 15  4 11 10 14  9 16  3  6]
 [16  3  4  8  9  5  6 10 13  7 15  2  1 12 14 11]
 [15  1 11  9  4  3 12  7 10 16 13  8 14  6  5  2]
 [10  4  7 14  8 16  2 13 15  1  5  6 12  9 11  3]
 [12  5  8 13 15 14 10  6 11  2  9  3 16  1  4  7]
 [ 3  6  2 16 11  9  5  1  7 12 14  4 15 10 13  8]]

[[ 1  2  3  4  5  6  7  8  9 10 11 12 13 14 15 16]
 [ 7 16  9 11  1 10 14  4  5 13  3 15  8  2  6 12]
 [ 8 12 13  5 16 11 15  2  1 14  6  7  4  3 10  9]
 [14 15 10  6 12 13  3  9  2  8  4 16 11  7  1  5]
 [ 9  8 16 10  6 15  1 14 11  4  2  3  7  5 12 13]
 [ 4 11  6  2  3  7  9  5 14 15 12 13 10  8 16  1]
 [13  7 12 15 10  2  4 16  6  5  8  1  3 11  9 14]
 [ 5 14  1  3 13  8 11 12 16  9  7 10  6 15  2  4]
 [11  9 15  7 14  4 16  3 12  6  1  5  2 13  8 10]
 [ 6 10 14  1  2 12 13 11  8  3 16  9  5  4  7 15]
 [ 2 13  5 12  7  1  8 15  4 11 10 14  9 16  3  6]
 [16  3  4  8  9  5  6 10 13  7 15  2  1 12 14 11]
 [10  1 11  9  4  3 12  7 15 16 13  8 14  6  5  2]
 [15  4  7 14  8 16  2 13 10  1  5  6 12  9 11  3]
 [12  5  8 13 15 14 10  6  3  2  9 11 16  1  4  7]
 [ 3  6  2 16 11  9  5  1  7 12 14  4 15 10 13  8]]

[[ 1  2  3  4  5  6  7  8  9 10 11 12 13 14 15 16]
 [ 7 16  9 11  1 10 14  4  5 15  3 13  8  2  6 12]
 [ 8 12 13  5 16 11 15  2  1 14  6  7  4  3 10  9]
 [14 15 10  6 12 13  3  9  2  8  4 16 11  7  1  5]
 [10  8 16  9  6 15  1 14  3  4  2 11  7  5 12 13]
 [ 4 11  6  2  3  7  9  5 14 13 12 15 10  8 16  1]
 [13  7 12 15 10  2  4 16  6  5  8  1  3 11  9 14]
 [ 5 14  1  3 13  8 11 12 16  9  7 10  6 15  2  4]
 [11  9 15  7 14  4 16  3 12  6  1  5  2 13  8 10]
 [ 6 10 14  1  2 12 13 11  8  3 16  9  5  4  7 15]
 [ 2 13  5 12  7  1  8 15  4 11 10 14  9 16  3  6]
 [16  3  4  8  9  5  6 10 13  7 15  2  1 12 14 11]
 [ 9  1 11 10  4  3 12  7 15 16 13  8 14  6  5  2]
 [15  4  7 14  8 16  2 13 10  1  5  6 12  9 11  3]
 [12  5  8 13 15 14 10  6 11  2  9  3 16  1  4  7]
 [ 3  6  2 16 11  9  5  1  7 12 14  4 15 10 13  8]]

[[ 1  2  3  4  5  6  7  8  9 10 11 12 13 14 15 16]
 [ 7 16  9 11  1 10 14  4  5 13  3 15  8  2  6 12]
 [ 8 12 13  5 16 11 15  2  1 14  6  7  4  9 10  3]
 [14 15 10  6 12 13  3  9  2  8  4 16 11  7  1  5]
 [ 9  8 16 10  6 15  1 14  3  4  2 11  7  5 12 13]
 [ 4 11  6  2  3  7  9  5 14 15 12 13 10  8 16  1]
 [13  7 12 15 10  2  4 16  6  5  8  1  9 11  3 14]
 [ 5 14  1  3 13  8 11 12 16  9  7 10  6 15  2  4]
 [11  9 15  7 14  4 16  3 12  6  1  5  2 13  8 10]
 [ 6 10 14  1  2 12 13 11  8  3 16  9  5  4  7 15]
 [ 2 13  5 12  7  1  8 15  4 11 10 14  3 16  9  6]
 [16  3  4  8  9  5  6 10 13  7 15  2  1 12 14 11]
 [10  1 11  9  4  3 12  7 15 16 13  8 14  6  5  2]
 [15  4  7 14  8 16  2 13 10  1  5  6 12  3 11  9]
 [12  5  8 13 15 14 10  6 11  2  9  3 16  1  4  7]
 [ 3  6  2 16 11  9  5  1  7 12 14  4 15 10 13  8]]

[[ 1  2  3  4  5  6  7  8  9 10 11 12 13 14 15 16]
 [ 7 16  9 11  1 14 10  4  5 13  3 15  8  2  6 12]
 [ 8 12 13  5 16 11 15  2  1 14  6  7  4  3 10  9]
 [14 15 10  6 12 13  3  9  2  8  4 16 11  7  1  5]
 [10  8 16  9  6 15  1 14  3  4  2 11  7  5 12 13]
 [ 4 11  6  2  3  7  9  5 14 15 12 13 10  8 16  1]
 [13  7 12 15 10  2  4 16  6  5  8  1  3 11  9 14]
 [ 5 14  1  3 13  8 11 12 16  9  7 10  6 15  2  4]
 [11  9 15  7 14  4 16  3 12  6  1  5  2 13  8 10]
 [ 6 10 14  1  2 12 13 11  8  3 16  9  5  4  7 15]
 [ 2 13  5 12  7  1  8 15  4 11 10 14  9 16  3  6]
 [16  3  4  8  9  5  6 10 13  7 15  2  1 12 14 11]
 [ 9  1 11 10  4  3 12  7 15 16 13  8 14  6  5  2]
 [15  4  7 14  8 16  2 13 10  1  5  6 12  9 11  3]
 [12  5  8 13 15 10 14  6 11  2  9  3 16  1  4  7]
 [ 3  6  2 16 11  9  5  1  7 12 14  4 15 10 13  8]]

[[ 1  2  3  4  5  6  7  8  9 10 11 12 13 14 15 16]
 [ 7 16  9 11  1 10 14  4  5 13  3 15  8  2  6 12]
 [ 8 12 13  5 16 11 15  2  1 14  6  7  4  3 10  9]
 [14 15 10  6 12 13  3  9  2  8  4 16 11  7  1  5]
 [10  8 16  9  6 15  1 14  3  4  2 11  7  5 12 13]
 [ 4 11  6  2  3  7  9  5 14 15 12 13 10  8 16  1]
 [13  7 12 15 10  2  4 16  6  5  8  1  9 11  3 14]
 [ 5 14  1  3 13  8 11 12 16  9  7 10  6  4  2 15]
 [11  9 15  7 14  4 16  3 12  6  1  5  2 13  8 10]
 [ 6 10 14  1  2 12 13 11  8  3 16  9  5 15  7  4]
 [ 2 13  5 12  7  1  8 15  4 11 10 14  3 16  9  6]
 [16  3  4  8  9  5  6 10 13  7 15  2  1 12 14 11]
 [ 9  1 11 10  4  3 12  7 15 16 13  8 14  6  5  2]
 [15  4  7 14  8 16  2 13 10  1  5  6 12  9 11  3]
 [12  5  8 13 15 14 10  6 11  2  9  3 16  1  4  7]
 [ 3  6  2 16 11  9  5  1  7 12 14  4 15 10 13  8]]

[[ 1  2  3  4  5  6  7  8  9 10 11 12 13 14 15 16]
 [ 7 16  9 11  1 14 10  4  5 13  3 15  8  2  6 12]
 [ 8 12 13  5 16 11 15  2  1 14  6  7  4  3 10  9]
 [14 15 10  6 12 13  3  9  2  8  4 16 11  7  1  5]
 [10  8 16  9  6 15  1 14  3  4  2 11  7  5 12 13]
 [ 4 11  6  2  3  7  9  5 14 15 12 13 10  8 16  1]
 [13  7 12 15 10  2  4 16  6  5  8  1  3 11  9 14]
 [ 5 14  1  3 13  8 11 12 16  9  7 10  6 15  2  4]
 [11  9 15  7 14  4 16  3 12  6  1  5  2 13  8 10]
 [ 6  1 14 10  2 12 13 11  8  3 16  9  5  4  7 15]
 [ 2 13  5 12  7  1  8 15  4 11 10 14  9 16  3  6]
 [16  3  4  8  9  5  6 10 13  7 15  2  1 12 14 11]
 [ 9 10 11  1  4  3 12  7 15 16 13  8 14  6  5  2]
 [15  4  7 14  8 16  2 13 10  1  5  6 12  9 11  3]
 [12  5  8 13 15 10 14  6 11  2  9  3 16  1  4  7]
 [ 3  6  2 16 11  9  5  1  7 12 14  4 15 10 13  8]]

[[ 1  2  3  4  5  6  7  8  9 10 11 12 13 14 15 16]
 [ 7 16  9 11  1 10 14  4  5 13  3 15  8  2  6 12]
 [ 8 12 13  5 16 11 15  2  1 14  6  7  4  9 10  3]
 [14 15 10  6 12 13  3  9  2  8  4 16 11  7  1  5]
 [10  8 16  9  6 15  1 14  3  4  2 11  7  5 12 13]
 [ 4 11  6  2  3  7  9  5 14 15 12 13 10  8 16  1]
 [13  7 12 15 10  2  4 16  6  5  8  1  9 11  3 14]
 [ 5 14  1  3 13  8 11 12 16  9  7 10  6 15  2  4]
 [11  9 15  7 14  4 16  3 12  6  1  5  2 13  8 10]
 [ 6 10 14  1  2 12 13 11  8  3 16  9  5  4  7 15]
 [ 2 13  5 12  7  1  8 15  4 11 10 14  3 16  9  6]
 [16  3  4  8  9  5  6 10 13  7 15  2  1 12 14 11]
 [ 9  1 11 10  4  3 12  7 15 16 13  8 14  6  5  2]
 [15  4  7 14  8 16  2 13 10  1  5  6 12  3 11  9]
 [12  5  8 13 15 14 10  6 11  2  9  3 16  1  4  7]
 [ 3  6  2 16 11  9  5  1  7 12 14  4 15 10 13  8]]

[[ 1  2  3  4  5  6  7  8  9 10 11 12 13 14 15 16]
 [11 16  9  7  1 10 14  4  5 13  3 15  8  2  6 12]
 [ 8 12 13  5 16 11 15  2  1 14  6  7  4  9 10  3]
 [14 15 10  6 12 13  3  9  2  8  4 16 11  7  1  5]
 [ 9  8 16 10  6 15  1 14  3  4  2 11  7  5 12 13]
 [ 4 11  6  2  3  7  9  5 14 15 12 13 10  8 16  1]
 [13  7 12 15 10  2  4 16  6  5  8  1  9 11  3 14]
 [ 5 14  1  3 13  8 11 12 16  9  7 10  6 15  2  4]
 [ 7  9 15 11 14  4 16  3 12  6  1  5  2 13  8 10]
 [ 6 10 14  1  2 12 13 11  8  3 16  9  5  4  7 15]
 [ 2 13  5 12  7  1  8 15  4 11 10 14  3 16  9  6]
 [16  3  4  8  9  5  6 10 13  7 15  2  1 12 14 11]
 [10  1 11  9  4  3 12  7 15 16 13  8 14  6  5  2]
 [15  4  7 14  8 16  2 13 10  1  5  6 12  3 11  9]
 [12  5  8 13 15 14 10  6 11  2  9  3 16  1  4  7]
 [ 3  6  2 16 11  9  5  1  7 12 14  4 15 10 13  8]]

[[ 1  2  3  4  5  6  7  8  9 10 11 12 13 14 15 16]
 [ 7 16  9 11  1 14 10  4  5 13  3 15  8  2  6 12]
 [ 8 12 13  5 16 11 15  2  1 14  6  7  4  3 10  9]
 [14 15 10  6 12 13  3  9  2  8  4 16 11  7  1  5]
 [ 9  8 16 10  6 15  1 14  3  4  2 11  7  5 12 13]
 [ 4 11  6  2  3  7  9  5 14 15 12 13 10  8 16  1]
 [13  7 12 15 10  2  4 16  6  5  8  1  3 11  9 14]
 [ 5 14  1  3 13  8 11 12 16  9  7 10  6 15  2  4]
 [11  9 15  7 14  4 16  3 12  6  1  5  2 13  8 10]
 [ 6 10 14  1  2 12 13 11  8  3 16  9  5  4  7 15]
 [ 2 13  5 12  7  1  8 15  4 11 10 14  9 16  3  6]
 [16  3  4  8  9  5  6 10 13  7 15  2  1 12 14 11]
 [10  1 11  9  4  3 12  7 15 16 13  8 14  6  5  2]
 [15  4  7 14  8 16  2 13 10  1  5  6 12  9 11  3]
 [12  5  8 13 15 10 14  6 11  2  9  3 16  1  4  7]
 [ 3  6  2 16 11  9  5  1  7 12 14  4 15 10 13  8]]

[[ 1  2  3  4  5  6  7  8  9 10 11 12 13 14 15 16]
 [ 7 16  9 11  1 10 14  4  5 13  3 15  8  2  6 12]
 [ 8 12 13  5 16 11 15  2  1 14  6  7  4  9 10  3]
 [14 15 10  6 12 13  3  9  2  8  4 16 11  7  1  5]
 [ 9  8 16 10  6 15  1 14  3  4  2 11  7  5 12 13]
 [ 4 11  6  2  3  7  9  5 14 15 12 13 10  8 16  1]
 [13  7 12 15 10  2  4 16  6  5  8  1  9 11  3 14]
 [ 5 14  1  3 13  8 11 12 16  9  7 10  6  4  2 15]
 [11  9 15  7 14  4 16  3 12  6  1  5  2 13  8 10]
 [ 6 10 14  1  2 12 13 11  8  3 16  9  5 15  7  4]
 [ 2 13  5 12  7  1  8 15  4 11 10 14  3 16  9  6]
 [16  3  4  8  9  5  6 10 13  7 15  2  1 12 14 11]
 [10  1 11  9  4  3 12  7 15 16 13  8 14  6  5  2]
 [15  4  7 14  8 16  2 13 10  1  5  6 12  3 11  9]
 [12  5  8 13 15 14 10  6 11  2  9  3 16  1  4  7]
 [ 3  6  2 16 11  9  5  1  7 12 14  4 15 10 13  8]]

[[ 1  2  3  4  5  6  7  8  9 10 11 12 13 14 15 16]
 [ 7 16  9 11  1 10 14  4  5 13  3 15  8  2  6 12]
 [ 8 12 13  5 16 11 15  2  1 14  6  7  4  3 10  9]
 [14 15 10  6 12 13  3  9  2  8  4 16 11  7  1  5]
 [ 9  8 16 10  6 15  1 14  3  4  2 11  7  5 12 13]
 [ 4 11  6  2  3  7  9  5 14 15 12 13 10  8 16  1]
 [13  7 12 15 10  2  4 16  6  5  8  1  3  9 11 14]
 [ 5 14  1  3 13  8 11 12 16  9  7 10  6 15  2  4]
 [11  9 15  7 14  4 16  3 12  6  1  5  2 13  8 10]
 [ 6 10 14  1  2 12 13 11  8  3 16  9  5  4  7 15]
 [ 2 13  5 12  7  1  8 15  4 11 10 14  9 16  3  6]
 [16  3  4  8  9  5  6 10 13  7 15  2  1 12 14 11]
 [10  1 11  9  4  3 12  7 15 16 13  8 14  6  5  2]
 [15  4  7 14  8 16  2 13 10  1  5  6 12 11  9  3]
 [12  5  8 13 15 14 10  6 11  2  9  3 16  1  4  7]
 [ 3  6  2 16 11  9  5  1  7 12 14  4 15 10 13  8]]

[[ 1  2  3  4  5  6  7  8  9 10 11 12 13 14 15 16]
 [ 7 16  9 11  1 10 14  4  5 13  3 15  8  2  6 12]
 [ 8 12 13  5 16 11 15  2  1 14  6  7  4  9 10  3]
 [14 15 10  6 12 13  3  9  2  8  4 16 11  7  1  5]
 [ 9  8 16 10  6 15  1 14 11  4  2  3  7  5 12 13]
 [ 4 11  6  2  3  7  9  5 14 15 12 13 10  8 16  1]
 [13  7 12 15 10  2  4 16  6  5  8  1  3 11  9 14]
 [ 5 14  1  3 13  8 11 12 16  9  7 10  6 15  2  4]
 [11  9 15  7 14  4 16  3 12  6  1  5  2 13  8 10]
 [ 6 10 14  1  2 12 13 11  8  3 16  9  5  4  7 15]
 [ 2 13  5 12  7  1  8 15  4 11 10 14  9 16  3  6]
 [16  3  4  8  9  5  6 10 13  7 15  2  1 12 14 11]
 [10  1 11  9  4  3 12  7 15 16 13  8 14  6  5  2]
 [15  4  7 14  8 16  2 13 10  1  5  6 12  3 11  9]
 [12  5  8 13 15 14 10  6  3  2  9 11 16  1  4  7]
 [ 3  6  2 16 11  9  5  1  7 12 14  4 15 10 13  8]]

[[ 1  2  3  4  5  6  7  8  9 10 11 12 13 14 15 16]
 [ 7 16  9 11  1 14 10  4  5 13  3 15  8  2  6 12]
 [ 8 12 13  5 16 11 15  2  1 14  6  7  4  9 10  3]
 [14 15 10  6 12 13  3  9  2  8  4 16 11  7  1  5]
 [ 9  8 16 10  6 15  1 14  3  4  2 11  7  5 12 13]
 [ 4 11  6  2  3  7  9  5 14 15 12 13 10  8 16  1]
 [13  7 12 15 10  2  4 16  6  5  8  1  3 11  9 14]
 [ 5 14  1  3 13  8 11 12 16  9  7 10  6 15  2  4]
 [11  9 15  7 14  4 16  3 12  6  1  5  2 13  8 10]
 [ 6 10 14  1  2 12 13 11  8  3 16  9  5  4  7 15]
 [ 2 13  5 12  7  1  8 15  4 11 10 14  9 16  3  6]
 [16  3  4  8  9  5  6 10 13  7 15  2  1 12 14 11]
 [10  1 11  9  4  3 12  7 15 16 13  8 14  6  5  2]
 [15  4  7 14  8 16  2 13 10  1  5  6 12  3 11  9]
 [12  5  8 13 15 10 14  6 11  2  9  3 16  1  4  7]
 [ 3  6  2 16 11  9  5  1  7 12 14  4 15 10 13  8]]

[[ 1  2  3  4  5  6  7  8  9 10 11 12 13 14 15 16]
 [11 16  9  7  1 14 10  4  5 13  3 15  8  2  6 12]
 [ 8 12 13  5 16 11 15  2  1 14  6  7  4  3 10  9]
 [14 15 10  6 12 13  3  9  2  8  4 16 11  7  1  5]
 [10  8 16  9  6 15  1 14  3  4  2 11  7  5 12 13]
 [ 4 11  6  2  3  7  9  5 14 15 12 13 10  8 16  1]
 [13  7 12 15 10  2  4 16  6  5  8  1  3 11  9 14]
 [ 5 14  1  3 13  8 11 12 16  9  7 10  6 15  2  4]
 [ 7  9 15 11 14  4 16  3 12  6  1  5  2 13  8 10]
 [ 6 10 14  1  2 12 13 11  8  3 16  9  5  4  7 15]
 [ 2 13  5 12  7  1  8 15  4 11 10 14  9 16  3  6]
 [16  3  4  8  9  5  6 10 13  7 15  2  1 12 14 11]
 [ 9  1 11 10  4  3 12  7 15 16 13  8 14  6  5  2]
 [15  4  7 14  8 16  2 13 10  1  5  6 12  9 11  3]
 [12  5  8 13 15 10 14  6 11  2  9  3 16  1  4  7]
 [ 3  6  2 16 11  9  5  1  7 12 14  4 15 10 13  8]]

[[ 1  2  3  4  5  6  7  8  9 10 11 12 13 14 15 16]
 [ 7 16  9 11  1 10 14  4  5 13  3 15  8  2  6 12]
 [ 8 12 13  5 16 11 15  2  1 14  6  7  4  3 10  9]
 [14 15 10  6 12 13  3  9  2  8  4 16 11  7  1  5]
 [ 9  8 16 10  6 15  1 14 11  4  2  3  7  5 12 13]
 [ 4 11  6  2  3  7  9  5 14 15 12 13 10  8 16  1]
 [13  7 12 15 10  2  4 16  6  5  8  1  3  9 11 14]
 [ 5 14  1  3 13  8 11 12 16  9  7 10  6 15  2  4]
 [11  9 15  7 14  4 16  3 12  6  1  5  2 13  8 10]
 [ 6 10 14  1  2 12 13 11  8  3 16  9  5  4  7 15]
 [ 2 13  5 12  7  1  8 15  4 11 10 14  9 16  3  6]
 [16  3  4  8  9  5  6 10 13  7 15  2  1 12 14 11]
 [10  1 11  9  4  3 12  7 15 16 13  8 14  6  5  2]
 [15  4  7 14  8 16  2 13 10  1  5  6 12 11  9  3]
 [12  5  8 13 15 14 10  6  3  2  9 11 16  1  4  7]
 [ 3  6  2 16 11  9  5  1  7 12 14  4 15 10 13  8]]

[[ 1  2  3  4  5  6  7  8  9 10 11 12 13 14 15 16]
 [ 7 16  9 11  1 14 10  4  5 13  3 15  8  2  6 12]
 [ 8 12 13  5 16 11 15  2  1 14  6  7  4  3 10  9]
 [14 15 10  6 12 13  3  9  2  8  4 16 11  7  1  5]
 [ 9  8 16 10  6 15  1 14  3  4  2 11  7  5 12 13]
 [ 4 11  6  2  3  7  9  5 14 15 12 13 10  8 16  1]
 [13  7 12 15 10  2  4 16  6  5  8  1  3 11  9 14]
 [ 5 14  1  3 13  8 11 12 16  9  7 10  6 15  2  4]
 [11  9 15  7 14  4 16  3 12  6  1  5  2 13  8 10]
 [ 6 10 14  1  2 12 13 11  8  3 16  9  5  4  7 15]
 [ 2 13  5 12  7  1  8 15  4 11 10 14  9 16  3  6]
 [16  3  4  8  9  5  6 10 13  7 15  2  1 12 14 11]
 [10  1 11  9  4  3 12  7 15 16 13  8 14  6  5  2]
 [15  6  7 14  8 16  2 13 10  1  5  4 12  9 11  3]
 [12  5  8 13 15 10 14  6 11  2  9  3 16  1  4  7]
 [ 3  4  2 16 11  9  5  1  7 12 14  6 15 10 13  8]]

[[ 1  2  3  4  5  6  7  8  9 10 11 12 13 14 15 16]
 [ 7 16 11  9  1 10 14  4  5 13  3 15  8  2  6 12]
 [ 8 12 13  5 16 11 15  2  1 14  6  7  4  9 10  3]
 [14 15 10  6 12 13  3  9  2  8  4 16 11  7  1  5]
 [ 9  8 16 10  6 15  1 14 11  4  2  3  7  5 12 13]
 [ 4 11  6  2  3  7  9  5 14 15 12 13 10  8 16  1]
 [13  7 12 15 10  2  4 16  6  5  8  1  3 11  9 14]
 [ 5 14  1  3 13  8 11 12 16  9  7 10  6 15  2  4]
 [11  9 15  7 14  4 16  3 12  6  1  5  2 13  8 10]
 [ 6 10 14  1  2 12 13 11  8  3 16  9  5  4  7 15]
 [ 2 13  5 12  7  1  8 15  4 11 10 14  9 16  3  6]
 [16  3  4  8  9  5  6 10 13  7 15  2  1 12 14 11]
 [10  1  9 11  4  3 12  7 15 16 13  8 14  6  5  2]
 [15  4  7 14  8 16  2 13 10  1  5  6 12  3 11  9]
 [12  5  8 13 15 14 10  6  3  2  9 11 16  1  4  7]
 [ 3  6  2 16 11  9  5  1  7 12 14  4 15 10 13  8]]

[[ 1  2  3  4  5  6  7  8  9 10 11 12 13 14 15 16]
 [11 16  9  7  1 10 14  4  5 13  3 15  8  2  6 12]
 [ 8 12 13  5 16 11 15  2  1 14  6  7  4  9 10  3]
 [14 15 10  6 12 13  3  9  2  8  4 16 11  7  1  5]
 [ 9  8 16 10  6 15  1 14  3  4  2 11  7  5 12 13]
 [ 4 11  6  2  3  7  9  5 14 15 12 13 10  8 16  1]
 [13  7 12 15 10  2  4 16  6  5  8  1  9 11  3 14]
 [ 5 14  1  3 13  8 11 12 16  9  7 10  6  4  2 15]
 [ 7  9 15 11 14  4 16  3 12  6  1  5  2 13  8 10]
 [ 6 10 14  1  2 12 13 11  8  3 16  9  5 15  7  4]
 [ 2 13  5 12  7  1  8 15  4 11 10 14  3 16  9  6]
 [16  3  4  8  9  5  6 10 13  7 15  2  1 12 14 11]
 [10  1 11  9  4  3 12  7 15 16 13  8 14  6  5  2]
 [15  4  7 14  8 16  2 13 10  1  5  6 12  3 11  9]
 [12  5  8 13 15 14 10  6 11  2  9  3 16  1  4  7]
 [ 3  6  2 16 11  9  5  1  7 12 14  4 15 10 13  8]]

[[ 1  2  3  4  5  6  7  8  9 10 11 12 13 14 15 16]
 [ 7 16  9 11  1 10 14  4  5 13  3 15  8  2  6 12]
 [ 8 12 13  5 16 11 15  2  1 14  6  7  4  9 10  3]
 [14 15 10  6 12 13  3  9  2  8  4 16 11  7  1  5]
 [ 9  8 16 10  6 15  1 14 11  4  2  3  7  5 12 13]
 [ 4 11  6  2  3  7  9  5 14 15 12 13 10  8 16  1]
 [13  7 12 15 10  2  4 16  6  5  8  1  9 11  3 14]
 [ 5 14  1  3 13  8 11 12 16  9  7 10  6  4  2 15]
 [11  9 15  7 14  4 16  3 12  6  1  5  2 13  8 10]
 [ 6 10 14  1  2 12 13 11  8  3 16  9  5 15  7  4]
 [ 2 13  5 12  7  1  8 15  4 11 10 14  3 16  9  6]
 [16  3  4  8  9  5  6 10 13  7 15  2  1 12 14 11]
 [10  1 11  9  4  3 12  7 15 16 13  8 14  6  5  2]
 [15  4  7 14  8 16  2 13 10  1  5  6 12  3 11  9]
 [12  5  8 13 15 14 10  6  3  2  9 11 16  1  4  7]
 [ 3  6  2 16 11  9  5  1  7 12 14  4 15 10 13  8]]

[[ 1  2  3  4  5  6  7  8  9 10 11 12 13 14 15 16]
 [ 7 16  9 11  1 10 14  4  5 13  3 15  8  2  6 12]
 [ 8 12 13  5 16 11 15  2  1 14  6  7  4  3 10  9]
 [14 15 10  6 12 13  3  9  2  8  4 16 11  7  1  5]
 [ 9  8 16 10  6 15  1 14  3  4  2 11  7  5 12 13]
 [ 4 11  6  2  3  7  9  5 14 15 12 13 10  8 16  1]
 [13  7 12 15 10  2  4 16  6  5  8  1  3  9 11 14]
 [ 5 14  1  3 13  8 11 12 16  9  7 10  6 15  2  4]
 [11  9 15  7 14  4 16  3 12  6  1  5  2 13  8 10]
 [ 6 10 14  1  2 12 13 11  8  3 16  9  5  4  7 15]
 [ 2 13  5 12  7  1  8 15  4 11 10 14  9 16  3  6]
 [16  3  4  8  9  5  6 10 15  7 13  2  1 12 14 11]
 [10  1 11  9  4  3 12  7 13 16 15  8 14  6  5  2]
 [15  4  7 14  8 16  2 13 10  1  5  6 12 11  9  3]
 [12  5  8 13 15 14 10  6 11  2  9  3 16  1  4  7]
 [ 3  6  2 16 11  9  5  1  7 12 14  4 15 10 13  8]]

[[ 1  2  3  4  5  6  7  8  9 10 11 12 13 14 15 16]
 [11 16  9  7  1 10 14  4  5 13  3 15  8  2  6 12]
 [ 8 12 13  5 16 11 15  2  1 14  6  7  4  9 10  3]
 [14 15 10  6 12 13  3  9  2  8  4 16 11  7  1  5]
 [ 9  8 16 10  6 15  1 14  3  4  2 11  7  5 12 13]
 [ 4 11  6  2  3  7  9  5 14 15 12 13 10  8 16  1]
 [13  7 12 15 10  2  4 16  6  5  8  1  9 11  3 14]
 [ 5 14  1  3 13  8 11 12 16  9  7 10  6  4  2 15]
 [ 7  9 15 11 14  4 16  3 12  6  1  5  2 13  8 10]
 [10  6 14  1  2 12 13 11  8  3 16  9  5 15  7  4]
 [ 2 13  5 12  7  1  8 15  4 11 10 14  3 16  9  6]
 [16  3  4  8  9  5  6 10 13  7 15  2  1 12 14 11]
 [ 6  1 11  9  4  3 12  7 15 16 13  8 14 10  5  2]
 [15  4  7 14  8 16  2 13 10  1  5  6 12  3 11  9]
 [12  5  8 13 15 14 10  6 11  2  9  3 16  1  4  7]
 [ 3 10  2 16 11  9  5  1  7 12 14  4 15  6 13  8]]

[[ 1  2  3  4  5  6  7  8  9 10 11 12 13 14 15 16]
 [11 16  9  7  1 10 14  4  5 15  3 13  8  2  6 12]
 [ 8 12 13  5 16 11 15  2  1 14  6  7  4  9 10  3]
 [14 15 10  6 12 13  3  9  2  8  4 16 11  7  1  5]
 [ 9  8 16 10  6 15  1 14  3  4  2 11  7  5 12 13]
 [ 4 11  6  2  3  7  9  5 14 13 12 15 10  8 16  1]
 [13  7 12 15 10  2  4 16  6  5  8  1  9 11  3 14]
 [ 5 14  1  3 13  8 11 12 16  9  7 10  6 15  2  4]
 [ 7  9 15 11 14  4 16  3 12  6  1  5  2 13  8 10]
 [ 6 10 14  1  2 12 13 11  8  3 16  9  5  4  7 15]
 [ 2 13  5 12  7  1  8 15  4 11 10 14  3 16  9  6]
 [16  3  4  8  9  5  6 10 13  7 15  2  1 12 14 11]
 [10  1 11  9  4  3 12  7 15 16 13  8 14  6  5  2]
 [15  4  7 14  8 16  2 13 10  1  5  6 12  3 11  9]
 [12  5  8 13 15 14 10  6 11  2  9  3 16  1  4  7]
 [ 3  6  2 16 11  9  5  1  7 12 14  4 15 10 13  8]]

[[ 1  2  3  4  5  6  7  8  9 10 11 12 13 14 15 16]
 [ 7 16  9 11  1 10 14  4  5 13  3 15  8  2  6 12]
 [ 8 12 13  5 16 11 15  2  1 14  6  7  4  3 10  9]
 [14 15 10  6 12 13  3  9  2  8  4 16 11  7  1  5]
 [ 9  8 16 10  6 15  1 14  3  4  2 11  7  5 12 13]
 [ 4 11  6  2  3  7  9  5 14 15 12 13 10  8 16  1]
 [13  7 12 15 10  2  4 16  6  5  8  1  3  9 14 11]
 [ 5 14  1  3 13  8 11 12 16  9  7 10  6 15  2  4]
 [11  9 15  7 14  4 16  3 12  6  1  5  2 13  8 10]
 [ 6 10 14  1  2 12 13 11  8  3 16  9  5  4  7 15]
 [ 2 13  5 12  7  1  8 15  4 11 10 14  9 16  3  6]
 [16  3  4  8  9  5  6 10 15  7 13  2  1 12 11 14]
 [10  1 11  9  4  3 12  7 13 16 15  8 14  6  5  2]
 [15  4  7 14  8 16  2 13 10  1  5  6 12 11  9  3]
 [12  5  8 13 15 14 10  6 11  2  9  3 16  1  4  7]
 [ 3  6  2 16 11  9  5  1  7 12 14  4 15 10 13  8]]

[[ 1  2  3  4  5  6  7  8  9 10 11 12 13 14 15 16]
 [11 16  9  7  1 10 14  4  5 15  3 13  8  2  6 12]
 [ 8 12 13  5 16 11 15  2  1 14  6  7  4  9 10  3]
 [14 15 10  6 12 13  3  9  2  8  4 16 11  7  1  5]
 [ 9  8 16 10  6 15  1 14 11  4  2  3  7  5 12 13]
 [ 4 11  6  2  3  7  9  5 14 13 12 15 10  8 16  1]
 [13  7 12 15 10  2  4 16  6  5  8  1  9 11  3 14]
 [ 5 14  1  3 13  8 11 12 16  9  7 10  6 15  2  4]
 [ 7  9 15 11 14  4 16  3 12  6  1  5  2 13  8 10]
 [ 6 10 14  1  2 12 13 11  8  3 16  9  5  4  7 15]
 [ 2 13  5 12  7  1  8 15  4 11 10 14  3 16  9  6]
 [16  3  4  8  9  5  6 10 13  7 15  2  1 12 14 11]
 [10  1 11  9  4  3 12  7 15 16 13  8 14  6  5  2]
 [15  4  7 14  8 16  2 13 10  1  5  6 12  3 11  9]
 [12  5  8 13 15 14 10  6  3  2  9 11 16  1  4  7]
 [ 3  6  2 16 11  9  5  1  7 12 14  4 15 10 13  8]]

[[ 1  2  3  4  5  6  7  8  9 10 11 12 13 14 15 16]
 [11 16  9  7  1 14 10  4  5 15  3 13  8  2  6 12]
 [ 8 12 13  5 16 11 15  2  1 14  6  7  4  9 10  3]
 [14 15 10  6 12 13  3  9  2  8  4 16 11  7  1  5]
 [ 9  8 16 10  6 15  1 14  3  4  2 11  7  5 12 13]
 [ 4 11  6  2  3  7  9  5 14 13 12 15 10  8 16  1]
 [13  7 12 15 10  2  4 16  6  5  8  1  9 11  3 14]
 [ 5 14  1  3 13  8 11 12 16  9  7 10  6 15  2  4]
 [ 7  9 15 11 14  4 16  3 12  6  1  5  2 13  8 10]
 [ 6 10 14  1  2 12 13 11  8  3 16  9  5  4  7 15]
 [ 2 13  5 12  7  1  8 15  4 11 10 14  3 16  9  6]
 [16  3  4  8  9  5  6 10 13  7 15  2  1 12 14 11]
 [10  1 11  9  4  3 12  7 15 16 13  8 14  6  5  2]
 [15  4  7 14  8 16  2 13 10  1  5  6 12  3 11  9]
 [12  5  8 13 15 10 14  6 11  2  9  3 16  1  4  7]
 [ 3  6  2 16 11  9  5  1  7 12 14  4 15 10 13  8]]

[[ 1  2  3  4  5  6  7  8  9 10 11 12 13 14 15 16]
 [11 16  9  7  1 10 14  4  5 13  3 15  8  2  6 12]
 [ 8 12 13  5 16 11 15  2  1 14  6  7  4  9 10  3]
 [14 15 10  6 12 13  3  9  2  8  4 16 11  7  1  5]
 [ 9  8 16 10  6 15  1 14  3  4  2 11  7  5 12 13]
 [ 4 11  6  2  3  7  9  5 14 15 12 13 10  8 16  1]
 [13  7 12 15 10  2  4 16  6  5  8  1  9 11  3 14]
 [ 5 14  1  3 13  8 11 12 16  9  7 10  6  4  2 15]
 [ 7  9 15 11 14  4 16  3 12  6  1  5  2 13  8 10]
 [ 6 10 14  1  2 12 13 11  8  3 16  9  5 15  7  4]
 [ 2 13  5 12  7  1  8 15  4 11 10 14  3 16  9  6]
 [16  3  4  8  9  5  6 10 13  7 15  2  1 12 14 11]
 [10  1 11  9  4  3 12  7 15 16 13  8 14  6  5  2]
 [15  4  7 14  8 16  2 13 10  1  5  6 12  3 11  9]
 [12  5  8 13 15  9 10  6 11  2 14  3 16  1  4  7]
 [ 3  6  2 16 11 14  5  1  7 12  9  4 15 10 13  8]]

[[ 1  2  3  4  5  6  7  8  9 10 11 12 13 14 15 16]
 [11 16  9  7  1 10 14  4  5 15  3 13  8  2  6 12]
 [ 8 12 13  5 16 11 15  2  1 14  6  7  4  9 10  3]
 [14 15 10  6 12 13  3  9  2  8  4 16 11  7  1  5]
 [ 9  8 16 10  6 15  1 14  3  4  2 11  7  5 12 13]
 [ 4 11  6  2  3  7  9  5 14 13 12 15 10  8 16  1]
 [13  7 12 15 10  2  4 16  6  5  8  1  9 11  3 14]
 [ 5 14  1  3 13  8 11 12 16  9  7 10  6 15  2  4]
 [15  9  7 11 14  4 16  3 12  6  1  5  2 13  8 10]
 [ 6 10 14  1  2 12 13 11  8  3 16  9  5  4  7 15]
 [ 2 13  5 12  7  1  8 15  4 11 10 14  3 16  9  6]
 [16  3  4  8  9  5  6 10 13  7 15  2  1 12 14 11]
 [10  1 11  9  4  3 12  7 15 16 13  8 14  6  5  2]
 [ 7  4 15 14  8 16  2 13 10  1  5  6 12  3 11  9]
 [12  5  8 13 15 14 10  6 11  2  9  3 16  1  4  7]
 [ 3  6  2 16 11  9  5  1  7 12 14  4 15 10 13  8]]

[[ 1  2  3  4  5  6  7  8  9 10 11 12 13 14 15 16]
 [11 16  9  7  1 10 14  4  5 15  3 13  8  2  6 12]
 [ 8 12 13  5 16 11 15  2  1 14  6  7  4  9 10  3]
 [14 15 10  6 12 13  3  9  2  8  4 16 11  7  1  5]
 [ 9  8 16 10  6 15  1 14  3  4  2 11  7  5 12 13]
 [ 4 11  6  2  3  7  9  5 14 13 12 15 10  8 16  1]
 [13  7 12 15 10  2  4 16  6  5  8  1  9 11  3 14]
 [ 5 14  1  3 13  8 11 12 16  9  7 10  6  4  2 15]
 [ 7  9 15 11 14  4 16  3 12  6  1  5  2 13  8 10]
 [ 6 10 14  1  2 12 13 11  8  3 16  9  5 15  7  4]
 [ 2 13  5 12  7  1  8 15  4 11 10 14  3 16  9  6]
 [16  3  4  8  9  5  6 10 13  7 15  2  1 12 14 11]
 [10  1 11  9  4  3 12  7 15 16 13  8 14  6  5  2]
 [15  4  7 14  8 16  2 13 10  1  5  6 12  3 11  9]
 [12  5  8 13 15 14 10  6 11  2  9  3 16  1  4  7]
 [ 3  6  2 16 11  9  5  1  7 12 14  4 15 10 13  8]]

[[ 1  2  3  4  5  6  7  8  9 10 11 12 13 14 15 16]
 [ 7 16  9 11  1 10 14  4  5 15  3 13  8  2  6 12]
 [ 8 12 13  5 16 11 15  2  1 14  6  7  4  3 10  9]
 [14 15 10  6 12 13  3  9  2  8  4 16 11  7  1  5]
 [ 9  8 16 10  6 15  1 14  3  4  2 11  7  5 12 13]
 [ 4 11  6  2  3  7  9  5 14 13 12 15 10  8 16  1]
 [13  7 12 15 10  2  4 16  6  5  8  1  3  9 11 14]
 [ 5 14  1  3 13  8 11 12 16  9  7 10  6 15  2  4]
 [11  9 15  7 14  4 16  3 12  6  1  5  2 13  8 10]
 [ 6 10 14  1  2 12 13 11  8  3 16  9  5  4  7 15]
 [ 2 13  5 12  7  1  8 15  4 11 10 14  9 16  3  6]
 [16  3  4  8  9  5  6 10 15  7 13  2  1 12 14 11]
 [10  1 11  9  4  3 12  7 13 16 15  8 14  6  5  2]
 [15  4  7 14  8 16  2 13 10  1  5  6 12 11  9  3]
 [12  5  8 13 15 14 10  6 11  2  9  3 16  1  4  7]
 [ 3  6  2 16 11  9  5  1  7 12 14  4 15 10 13  8]]

[[ 1  2  3  4  5  6  7  8  9 10 11 12 13 14 15 16]
 [ 7 16  9 11  1 10 14  4  5 13  3 15  8  2  6 12]
 [ 8 12 13  5 16 11 15  2  1 14  6  7  4  3 10  9]
 [14 15 10  6 12 13  3  9  2  8  4 16 11  7  1  5]
 [ 9  8 16 10  6 15  1 14  3  4  2 11  7  5 12 13]
 [ 4 11  6  2  3  7  9  5 14 15 12 13 10  8 16  1]
 [13  7 12 15 10  2  4 16  6  5  8  1  3  9 11 14]
 [ 5 14  1  3 13  8 11 12 16  9  7 10  6 15  2  4]
 [11  9 15  7 14  4 16  3 12  6  1  5  2 13  8 10]
 [ 6 10 14  1  2 12 13 11  8  3 16  9  5  4  7 15]
 [ 2 13  5 12  7  1  8 15  4 11 10 14  9 16  3  6]
 [16  3  4  8  9  5  6 10 13  7 15  2  1 12 14 11]
 [10  1 11 13  4  3 12  7 15 16  9  8 14  6  5  2]
 [15  4  7 14  8 16  2 13 10  1  5  6 12 11  9  3]
 [12  5  8  9 15 14 10  6 11  2 13  3 16  1  4  7]
 [ 3  6  2 16 11  9  5  1  7 12 14  4 15 10 13  8]]

[[ 1  2  3  4  5  6  7  8  9 10 11 12 13 14 15 16]
 [11 16  9  7  1 10 14  4  5 13  3 15  8  2  6 12]
 [ 8 12 13  5 16 11 15  2  1 14  6  7  4  9 10  3]
 [14 15 10  6 12 13  3  9  2  8  4 16 11  7  1  5]
 [ 9  8 16 10  6 15  1 14  3  4  2 11  7  5 12 13]
 [ 4 11  6  2  3  7  9  5 14 15 12 13 10  8 16  1]
 [13  7 12 15 10  2  4 16  6  5  8  1  9 11  3 14]
 [ 5 14  1  3 13  8 11 12 16  9  7 10  6 15  2  4]
 [ 7  9 15 11 14  4 16  3 12  6  1  5  2 13  8 10]
 [10  6 14  1  2 12 13 11  8  3 16  9  5  4  7 15]
 [ 2 13  5 12  7  1  8 15  4 11 10 14  3 16  9  6]
 [16  3  4  8  9  5  6 10 13  7 15  2  1 12 14 11]
 [ 6  1 11  9  4  3 12  7 15 16 13  8 14 10  5  2]
 [15  4  7 14  8 16  2 13 10  1  5  6 12  3 11  9]
 [12  5  8 13 15 14 10  6 11  2  9  3 16  1  4  7]
 [ 3 10  2 16 11  9  5  1  7 12 14  4 15  6 13  8]]

[[ 1  2  3  4  5  6  7  8  9 10 11 12 13 14 15 16]
 [11 16  9  7  1 10 14  4  5 15  3 13  8  2  6 12]
 [ 8 12 13  5 16 11 15  2  1 14  6  7  4  9 10  3]
 [14 15 10  6 12 13  3  9  2  8  4 16 11  7  1  5]
 [ 9  8 16 10  6 15  1 14  3  4  2 11  7  5 12 13]
 [ 4 11  6  2  3  7  9  5 14 13 12 15 10  8 16  1]
 [13  7 12 15 10  2  4 16  6  5  8  1  3 11  9 14]
 [ 5 14  1  3 13  8 11 12 16  9  7 10  6  4  2 15]
 [ 7  9 15 11 14  4 16  3 12  6  1  5  2 13  8 10]
 [ 6 10 14  1  2 12 13 11  8  3 16  9  5 15  7  4]
 [ 2 13  5 12  7  1  8 15  4 11 10 14  9 16  3  6]
 [16  3  4  8  9  5  6 10 13  7 15  2  1 12 14 11]
 [10  1 11  9  4  3 12  7 15 16 13  8 14  6  5  2]
 [15  4  7 14  8 16  2 13 10  1  5  6 12  3 11  9]
 [12  5  8 13 15 14 10  6 11  2  9  3 16  1  4  7]
 [ 3  6  2 16 11  9  5  1  7 12 14  4 15 10 13  8]]

[[ 1  2  3  4  5  6  7  8  9 10 11 12 13 14 15 16]
 [11 16  9  7  1 10 14  4  5 15  3 13  8  2  6 12]
 [ 8 12 13  5 16 11 15  2  1 14  6  7  4  9 10  3]
 [14 15 10  6 12 13  3  9  2  8  4 16 11  7  1  5]
 [ 9  8 16 10  6 15  1 14  3  4  2 11  7  5 12 13]
 [ 4 11  6  2  3  7  9  5 14 13 12 15 10  8 16  1]
 [13  7 12 15 10  2  4 16  6  5  8  1  9 11  3 14]
 [ 5 14  1  3 13  8 11 12 16  9  7 10  6 15  2  4]
 [15  9  7 11 14  4 16  3 12  6  1  5  2 13  8 10]
 [ 6 10 14  1  2 12 13 11  8  3 16  9  5  4  7 15]
 [ 2 13  5 12  7  1  8 15  4 11 10 14  3 16  9  6]
 [16  3  4  8  9  5 10  6 13  7 15  2  1 12 14 11]
 [10  1 11  9  4  3 12  7 15 16 13  8 14  6  5  2]
 [ 7  4 15 14  8 16  2 13 10  1  5  6 12  3 11  9]
 [12  5  8 13 15 14  6 10 11  2  9  3 16  1  4  7]
 [ 3  6  2 16 11  9  5  1  7 12 14  4 15 10 13  8]]

[[ 1  2  3  4  5  6  7  8  9 10 11 12 13 14 15 16]
 [11 16  9  7  1 10 14  4  5 15  3 13  8  2  6 12]
 [ 8 12 13  5 16 11 15  2  1 14  6  7  4  9 10  3]
 [14 15 10  6 12 13  3  9  2  8  4 16 11  7  1  5]
 [ 9  8 16 10  6 15  1 14 11  4  2  3  7  5 12 13]
 [ 4 11  6  2  3  7  9  5 14 13 12 15 10  8 16  1]
 [13  7 12 15 10  2  4 16  6  5  8  1  9 11  3 14]
 [ 5 14  1  3 13  8 11 12 16  9  7 10  6  4  2 15]
 [ 7  9 15 11 14  4 16  3 12  6  1  5  2 13  8 10]
 [ 6 10 14  1  2 12 13 11  8  3 16  9  5 15  7  4]
 [ 2 13  5 12  7  1  8 15  4 11 10 14  3 16  9  6]
 [16  3  4  8  9  5  6 10 13  7 15  2  1 12 14 11]
 [10  1 11  9  4  3 12  7 15 16 13  8 14  6  5  2]
 [15  4  7 14  8 16  2 13 10  1  5  6 12  3 11  9]
 [12  5  8 13 15 14 10  6  3  2  9 11 16  1  4  7]
 [ 3  6  2 16 11  9  5  1  7 12 14  4 15 10 13  8]]

[[ 1  2  3  4  5  6  7  8  9 10 11 12 13 14 15 16]
 [11 16  9  7  1 10 14  4  5 15  3 13  8  2  6 12]
 [ 8 12 13  5 16 11 15  2  1 14  6  7 10  9  4  3]
 [14 15 10  6 12 13  3  9  2  8  4 16 11  7  1  5]
 [ 9  8 16 10  6 15  1 14  3  4  2 11  7  5 12 13]
 [ 4 11  6  2  3  7  9  5 14 13 12 15 16  8 10  1]
 [13  7 12 15 10  2  4 16  6  5  8  1  9 11  3 14]
 [ 5 14  1  3 13  8 11 12 16  9  7 10  6 15  2  4]
 [15  9  7 11 14  4 16  3 12  6  1  5  2 13  8 10]
 [ 6 10 14  1  2 12 13 11  8  3 16  9  5  4  7 15]
 [ 2 13  5 12  7  1  8 15  4 11 10 14  3 16  9  6]
 [16  3  4  8  9  5  6 10 13  7 15  2  1 12 14 11]
 [10  1 11  9  4  3 12  7 15 16 13  8 14  6  5  2]
 [ 7  4 15 14  8 16  2 13 10  1  5  6 12  3 11  9]
 [12  5  8 13 15 14 10  6 11  2  9  3  4  1 16  7]
 [ 3  6  2 16 11  9  5  1  7 12 14  4 15 10 13  8]]

[[ 1  2  3  4  5  6  7  8  9 10 11 12 13 14 15 16]
 [11 16  9  7  1 10 14  4  5 15  3 13  8  2  6 12]
 [ 8 12 13  5 16 11 15  2  1 14  6  7  4  9 10  3]
 [14 15 10  6 12 13  3  9  2  8  4 16 11  7  1  5]
 [ 9  8 16 10  6 15  1 14  3  4  2 11  7  5 12 13]
 [ 4 11  6  2  3  7  9  5 14 13 12 15 10  8 16  1]
 [13  7 12 15 10  2  4 16  6  5  8  1  9 11  3 14]
 [ 5 14  1  3 13  8 11 12 16  9  7 10  6  4  2 15]
 [ 7  9 15 11 14  4 16  3 12  6  1  5  2 13  8 10]
 [ 6 10 14  1  2 12 13 11  8  3 16  9  5 15  7  4]
 [ 2 13  5 12  7  1  8 15  4 11 10 14  3 16  9  6]
 [16  3  4  8  9  5  6 10 13  7 15  2  1 12 14 11]
 [12  1 11  9  4  3 10  7 15 16 13  8 14  6  5  2]
 [15  4  7 14  8 16  2 13 10  1  5  6 12  3 11  9]
 [10  5  8 13 15 14 12  6 11  2  9  3 16  1  4  7]
 [ 3  6  2 16 11  9  5  1  7 12 14  4 15 10 13  8]]

[[ 1  2  3  4  5  6  7  8  9 10 11 12 13 14 15 16]
 [11 16  9  7  1 10 14  4  5 13  3 15  8  2  6 12]
 [ 8 12 13  5 16 11 15  2  1 14  6  7  4  9 10  3]
 [14 15 10  6 12 13  3  9  2  8  4 16 11  7  1  5]
 [ 9  8 16 10  6 15  1 14  3  4  2 11  7  5 12 13]
 [ 4 11  6  2  3  7  9  5 14 15 12 13 10  8 16  1]
 [13  7 12 15 10  2  4 16  6  5  8  1  9 11  3 14]
 [ 5 14  1  3 13  8 11 12 16  9  7 10  6 15  2  4]
 [15  9  7 11 14  4 16  3 12  6  1  5  2 13  8 10]
 [ 6 10 14  1  2 12 13 11  8  3 16  9  5  4  7 15]
 [ 2 13  5 12  7  1  8 15  4 11 10 14  3 16  9  6]
 [16  3  4  8  9  5 10  6 13  7 15  2  1 12 14 11]
 [10  1 11  9  4  3 12  7 15 16 13  8 14  6  5  2]
 [ 7  4 15 14  8 16  2 13 10  1  5  6 12  3 11  9]
 [12  5  8 13 15 14  6 10 11  2  9  3 16  1  4  7]
 [ 3  6  2 16 11  9  5  1  7 12 14  4 15 10 13  8]]

[[ 1  2  3  4  5  6  7  8  9 10 11 12 13 14 15 16]
 [11 16  9  7  1 10 14  4  5 15  3 13  8  2  6 12]
 [ 8 12 13  5 16 11 15  2  1 14  6  7  4  9 10  3]
 [14 15 10  6 12 13  3  9  2  8  4 16 11  7  1  5]
 [ 9  8 16 10  6 15  1 14  3  4  2 11  7  5 12 13]
 [ 4 11  6  2  3  7  9  5 14 13 12 15 10  8 16  1]
 [13  7 12 15 10  2  4 16  6  5  8  1  9 11  3 14]
 [ 5 14  1  3 13  8 11 12 16  9  7 10  6  4  2 15]
 [15  9  7 11 14  4 16  3 12  6  1  5  2 13  8 10]
 [ 6 10 14  1  2 12 13 11  8  3 16  9  5 15  7  4]
 [ 2 13  5 12  7  1  8 15  4 11 10 14  3 16  9  6]
 [16  3  4  8  9  5 10  6 13  7 15  2  1 12 14 11]
 [10  1 11  9  4  3 12  7 15 16 13  8 14  6  5  2]
 [ 7  4 15 14  8 16  2 13 10  1  5  6 12  3 11  9]
 [12  5  8 13 15 14  6 10 11  2  9  3 16  1  4  7]
 [ 3  6  2 16 11  9  5  1  7 12 14  4 15 10 13  8]]

[[ 1  2  3  4  5  6  7  8  9 10 11 12 13 14 15 16]
 [11 16  9  7  1 10 14  4  5 15  3 13  8  2  6 12]
 [ 8 12 13  5 16 11 15  2  1 14  6  7  4  3 10  9]
 [14 15 10  6 12 13  3  9  2  8  4 16 11  7  1  5]
 [ 9  8 16 10  6 15  1 14  3  4  2 11  7  5 12 13]
 [ 4 11  6  2  3  7  9  5 14 13 12 15 10  8 16  1]
 [13  7 12 15 10  2  4 16  6  5  8  1  9 11  3 14]
 [ 5 14  1  3 13  8 11 12 16  9  7 10  6  4  2 15]
 [ 7  9 15 11 14  4 16  3 12  6  1  5  2 13  8 10]
 [ 6 10 14  1  2 12 13 11  8  3 16  9  5 15  7  4]
 [ 2 13  5 12  7  1  8 15  4 11 10 14  3 16  9  6]
 [16  3  4  8  9  5  6 10 13  7 15  2  1 12 14 11]
 [12  1 11  9  4  3 10  7 15 16 13  8 14  6  5  2]
 [15  4  7 14  8 16  2 13 10  1  5  6 12  9 11  3]
 [10  5  8 13 15 14 12  6 11  2  9  3 16  1  4  7]
 [ 3  6  2 16 11  9  5  1  7 12 14  4 15 10 13  8]]

[[ 1  2  3  4  5  6  7  8  9 10 11 12 13 14 15 16]
 [11 16  9  7  1 10 14  4  5 15  3 13  8  2  6 12]
 [14 12 13  5 16 11 15  2  1  8  6  7  4  3 10  9]
 [ 8 15 10  6 12 13  3  9  2 14  4 16 11  7  1  5]
 [ 9  8 16 10  6 15  1 14  3  4  2 11  7  5 12 13]
 [ 4 11  6  2  3  7  9  5 14 13 12 15 10  8 16  1]
 [13  7 12 15 10  2  4 16  6  5  8  1  9 11  3 14]
 [ 5 14  1  3 13  8 11 12 16  9  7 10  6  4  2 15]
 [ 7  9 15 11 14  4 16  3 12  6  1  5  2 13  8 10]
 [ 6 10 14  1  2 12 13 11  8  3 16  9  5 15  7  4]
 [ 2 13  5 12  7  1  8 15  4 11 10 14  3 16  9  6]
 [16  3  4  8  9  5  6 10 13  7 15  2  1 12 14 11]
 [12  1 11  9  4  3 10  7 15 16 13  8 14  6  5  2]
 [15  4  7 14  8 16  2 13 10  1  5  6 12  9 11  3]
 [10  5  8 13 15 14 12  6 11  2  9  3 16  1  4  7]
 [ 3  6  2 16 11  9  5  1  7 12 14  4 15 10 13  8]]

[[ 1  2  3  4  5  6  7  8  9 10 11 12 13 14 15 16]
 [11 16  9  7  1 10 14  4  5 15  3 13  8  2  6 12]
 [ 8 12 13  5 16 11 15  2  1 14  6  7  4  3 10  9]
 [14 15 10  6 12 13  3  9  2  8  4 16 11  7  1  5]
 [ 9  8 16 10  6 15  1 14  3  4  2 11  7  5 12 13]
 [ 4 11  6  2  3  7  9  5 14 13 12 15 10  8 16  1]
 [13  7 12 15 10  2  4 16  6  5  8  1  3 11  9 14]
 [ 5 14  1  3 13  8 11 12 16  9  7 10  6  4  2 15]
 [15  9  7 11 14  4 16  3 12  6  1  5  2 13  8 10]
 [ 6 10 14  1  2 12 13 11  8  3 16  9  5 15  7  4]
 [ 2 13  5 12  7  1  8 15  4 11 10 14  9 16  3  6]
 [16  3  4  8  9  5 10  6 13  7 15  2  1 12 14 11]
 [10  1 11  9  4  3 12  7 15 16 13  8 14  6  5  2]
 [ 7  4 15 14  8 16  2 13 10  1  5  6 12  9 11  3]
 [12  5  8 13 15 14  6 10 11  2  9  3 16  1  4  7]
 [ 3  6  2 16 11  9  5  1  7 12 14  4 15 10 13  8]]

[[ 1  2  3  4  5  6  7  8  9 10 11 12 13 14 15 16]
 [11 16  9  7  1 10 15  4  5 14  3 13  8  2  6 12]
 [ 8 12 13  5 16 11 14  2  1 15  6  7  4  9 10  3]
 [14 15 10  6 12 13  3  9  2  8  4 16 11  7  1  5]
 [ 9  8 16 10  6 15  1 14  3  4  2 11  7  5 12 13]
 [ 4 11  6  2  3  7  9  5 14 13 12 15 10  8 16  1]
 [13  7 12 15 10  2  4 16  6  5  8  1  9 11  3 14]
 [ 5 14  1  3 13  8 11 12 16  9  7 10  6 15  2  4]
 [15  9  7 11 14  4 16  3 12  6  1  5  2 13  8 10]
 [ 6 10 14  1  2 12 13 11  8  3 16  9  5  4  7 15]
 [ 2 13  5 12  7  1  8 15  4 11 10 14  3 16  9  6]
 [16  3  4  8  9  5  6 10 13  7 15  2  1 12 14 11]
 [10  1 11  9  4  3 12  7 15 16 13  8 14  6  5  2]
 [ 7  4 15 14  8 16  2 13 10  1  5  6 12  3 11  9]
 [12  5  8 13 15 14 10  6 11  2  9  3 16  1  4  7]
 [ 3  6  2 16 11  9  5  1  7 12 14  4 15 10 13  8]]

[[ 1  2  3  4  5  6  7  8  9 10 11 12 13 14 15 16]
 [11 16  9  7  1 10 14  4  5 15  3 13  8  2  6 12]
 [ 8 12 13  5 16 11 15  2  1 14  6  7  4  3 10  9]
 [14 15 10  6 12 13  3  9  2  8  4 16 11  7  1  5]
 [10  8 16  9  6 15  1 14  3  4  2 11  7  5 12 13]
 [ 4 11  6  2  3  7  9  5 14 13 12 15 10  8 16  1]
 [13  7 12 15 10  2  4 16  6  5  8  1  3 11  9 14]
 [ 5 14  1  3 13  8 11 12 16  9  7 10  6  4  2 15]
 [15  9  7 11 14  4 16  3 12  6  1  5  2 13  8 10]
 [ 6 10 14  1  2 12 13 11  8  3 16  9  5 15  7  4]
 [ 2 13  5 12  7  1  8 15  4 11 10 14  9 16  3  6]
 [16  3  4  8  9  5 10  6 13  7 15  2  1 12 14 11]
 [ 9  1 11 10  4  3 12  7 15 16 13  8 14  6  5  2]
 [ 7  4 15 14  8 16  2 13 10  1  5  6 12  9 11  3]
 [12  5  8 13 15 14  6 10 11  2  9  3 16  1  4  7]
 [ 3  6  2 16 11  9  5  1  7 12 14  4 15 10 13  8]]

[[ 1  2  3  4  5  6  7  8  9 10 11 12 13 14 15 16]
 [11 16  9  7  1 10 14  4  5 15  3 13  8  2  6 12]
 [ 8 12 13  5 16 11 15  2  1 14  6  7  4  9 10  3]
 [14 15 10  6 12 13  3  9  2  8  4 16 11  7  1  5]
 [ 9  8 16 10  6 15  1 14 11  4  2  3  7  5 12 13]
 [ 4 11  6  2  3  7  9  5 14 13 12 15 10  8 16  1]
 [13  7 12 15 10  2  4 16  6  5  8  1  9 11  3 14]
 [ 5 14  1  3 13  8 11 12 16  9  7 10  6  4  2 15]
 [15  9  7 11 14  4 16  3 12  6  1  5  2 13  8 10]
 [ 6 10 14  1  2 12 13 11  8  3 16  9  5 15  7  4]
 [ 2 13  5 12  7  1  8 15  4 11 10 14  3 16  9  6]
 [16  3  4  8  9  5 10  6 13  7 15  2  1 12 14 11]
 [10  1 11  9  4  3 12  7 15 16 13  8 14  6  5  2]
 [ 7  4 15 14  8 16  2 13 10  1  5  6 12  3 11  9]
 [12  5  8 13 15 14  6 10  3  2  9 11 16  1  4  7]
 [ 3  6  2 16 11  9  5  1  7 12 14  4 15 10 13  8]]

[[ 1  2  3  4  5  6  7  8  9 10 11 12 13 14 15 16]
 [11 16  9  7  1 10 14  4  5 13  3 15  8  2  6 12]
 [ 8 12 13  5 16 11 15  2  1 14  6  7  4  9 10  3]
 [14 15 10  6 12 13  3  9  2  8  4 16 11  7  1  5]
 [ 9  8 16 10  6 15  1 14 11  4  2  3  7  5 12 13]
 [ 4 11  6  2  3  7  9  5 14 15 12 13 10  8 16  1]
 [13  7 12 15 10  2  4 16  6  5  8  1  9 11  3 14]
 [ 5 14  1  3 13  8 11 12 16  9  7 10  6 15  2  4]
 [15  9  7 11 14  4 16  3 12  6  1  5  2 13  8 10]
 [ 6 10 14  1  2 12 13 11  8  3 16  9  5  4  7 15]
 [ 2 13  5 12  7  1  8 15  4 11 10 14  3 16  9  6]
 [16  3  4  8  9  5 10  6 13  7 15  2  1 12 14 11]
 [10  1 11  9  4  3 12  7 15 16 13  8 14  6  5  2]
 [ 7  4 15 14  8 16  2 13 10  1  5  6 12  3 11  9]
 [12  5  8 13 15 14  6 10  3  2  9 11 16  1  4  7]
 [ 3  6  2 16 11  9  5  1  7 12 14  4 15 10 13  8]]

[[ 1  2  3  4  5  6  7  8  9 10 11 12 13 14 15 16]
 [11 16  9  7  1 10 14  4  5 15  3 13  8  2  6 12]
 [ 8 12 13  5 16 11 15  2  1 14  6  7  4  3 10  9]
 [14 15 10  6 12 13  3  9  2  8  4 16 11  7  1  5]
 [ 9  8 16 10  6 15  1 14  3  4  2 11  7  5 12 13]
 [ 4 11  6  2  3  7  9  5 14 13 12 15 10  8 16  1]
 [13  7 12 15 10  2  4 16  6  5  8  1  3  9 11 14]
 [ 5 14  1  3 13  8 11 12 16  9  7 10  6  4  2 15]
 [15  9  7 11 14  4 16  3 12  6  1  5  2 13  8 10]
 [ 6 10 14  1  2 12 13 11  8  3 16  9  5 15  7  4]
 [ 2 13  5 12  7  1  8 15  4 11 10 14  9 16  3  6]
 [16  3  4  8  9  5 10  6 13  7 15  2  1 12 14 11]
 [10  1 11  9  4  3 12  7 15 16 13  8 14  6  5  2]
 [ 7  4 15 14  8 16  2 13 10  1  5  6 12 11  9  3]
 [12  5  8 13 15 14  6 10 11  2  9  3 16  1  4  7]
 [ 3  6  2 16 11  9  5  1  7 12 14  4 15 10 13  8]]

[[ 1  2  3  4  5  6  7  8  9 10 11 12 13 14 15 16]
 [11 16  9  7  1 10 14  4  5 15  3 13  8  2  6 12]
 [ 8 12 13  5 16 11 15  2  1 14  6  7  4  3 10  9]
 [14 15 10  6 12 13  3  9  2  8  4 16 11  7  1  5]
 [ 9  8 16 10  6 15  1 14  3  4  2 11  7  5 12 13]
 [ 4 11  6  2  3  7  9  5 14 13 12 15 10  8 16  1]
 [13  7 12 15 10  2  4 16  6  5  8  1  3  9 11 14]
 [ 5 14  1  3 13  8 11 12 16  9  7 10  6  4  2 15]
 [ 7  9 15 11 14  4 16  3 12  6  1  5  2 13  8 10]
 [ 6 10 14  1  2 12 13 11  8  3 16  9  5 15  7  4]
 [ 2 13  5 12  7  1  8 15  4 11 10 14  9 16  3  6]
 [16  3  4  8  9  5 10  6 13  7 15  2  1 12 14 11]
 [10  1 11  9  4  3 12  7 15 16 13  8 14  6  5  2]
 [15  4  7 14  8 16  2 13 10  1  5  6 12 11  9  3]
 [12  5  8 13 15 14  6 10 11  2  9  3 16  1  4  7]
 [ 3  6  2 16 11  9  5  1  7 12 14  4 15 10 13  8]]

[[ 1  2  3  4  5  6  7  8  9 10 11 12 13 14 15 16]
 [11 16  9  7  1 10 14  4  5 15  3 13  8  2  6 12]
 [ 8 12 13  5 16 11 15  2  1 14  6  7  4  3 10  9]
 [14 15 10  6 12 13  3  9  2  8  4 16 11  7  1  5]
 [ 9  8 16 10  6 15  1 14  3  4  2 11  7  5 12 13]
 [ 4 11  6  2  3  7  9  5 14 13 12 15 10  8 16  1]
 [13  7 12 15 10  2  4 16  6  5  8  1  3 11  9 14]
 [ 5 14  1  3 13  8 11 12 16  9  7 10  6  4  2 15]
 [15  9  7 11 14  4 16  3 12  6  1  5  2 13  8 10]
 [ 6 10 14  1  2 12 13 11  8  3 16  9  5 15  4  7]
 [ 2 13  5 12  7  1  8 15  4 11 10 14  9 16  3  6]
 [16  3  4  8  9  5 10  6 13  7 15  2  1 12 14 11]
 [10  1 11  9  4  3 12  7 15 16 13  8 14  6  5  2]
 [ 7  4 15 14  8 16  2 13 10  1  5  6 12  9 11  3]
 [12  5  8 13 15 14  6 10 11  2  9  3 16  1  7  4]
 [ 3  6  2 16 11  9  5  1  7 12 14  4 15 10 13  8]]

[[ 1  2  3  4  5  6  7  8  9 10 11 12 13 14 15 16]
 [11 16  9  7  1 10 14  4  5 15  3 13  8  2  6 12]
 [ 8 12 13  5 16 11 15  2  1 14  6  7  4  9 10  3]
 [14 15 10  6 12 13  3  9  2  8  4 16 11  7  1  5]
 [ 9  8 16 10  6 15  1 14  3  4  2 11  7  5 12 13]
 [ 4 11  6  2  3  7  9  5 14 13 12 15 10  8 16  1]
 [13  7 12 15 10  2  4 16  6  5  8  1  9  3 11 14]
 [ 5 14  1  3 13  8 11 12 16  9  7 10  6  4  2 15]
 [15  9  7 11 14  4 16  3 12  6  1  5  2 13  8 10]
 [ 6 10 14  1  2 12 13 11  8  3 16  9  5 15  7  4]
 [ 2 13  5 12  7  1  8 15  4 11 10 14  3 16  9  6]
 [16  3  4  8  9  5 10  6 13  7 15  2  1 12 14 11]
 [10  1 11  9  4  3 12  7 15 16 13  8 14  6  5  2]
 [ 7  4 15 14  8 16  2 13 10  1  5  6 12 11  3  9]
 [12  5  8 13 15 14  6 10 11  2  9  3 16  1  4  7]
 [ 3  6  2 16 11  9  5  1  7 12 14  4 15 10 13  8]]

[[ 1  2  3  4  5  6  7  8  9 10 11 12 13 14 15 16]
 [11 16  9  7  1 10 14  4  5 15  3 13  8  2  6 12]
 [ 8 12 13  5 16 11 15  2  1 14  6  7  4  3 10  9]
 [14 15 10  6 12 13  3  9  2  8  4 16 11  7  1  5]
 [ 9  8 16 10  6 15  1 14  3  4  2 11  7  5 12 13]
 [ 4 11  6  2  3  7  9  5 14 13 12 15 10  8 16  1]
 [13  7 12 15 10  2  4 16  6  5  8  1  3 11  9 14]
 [ 5 14  1  3 13  8 11 12 16  9  7 10  6  4  2 15]
 [15  9  7 11 14  4 16  3 12  6  1  5  2 13  8 10]
 [ 6 10 14  1  2 12 13 11  8  3 16  9  5 15  4  7]
 [ 2 13  5 12  7  1  8 15  4 11 10 14  9 16  3  6]
 [16  3  4  8  9  5  6 10 13  7 15  2  1 12 14 11]
 [10  1 11  9  4  3 12  7 15 16 13  8 14  6  5  2]
 [ 7  4 15 14  8 16  2 13 10  1  5  6 12  9 11  3]
 [12  5  8 13 15 14 10  6 11  2  9  3 16  1  7  4]
 [ 3  6  2 16 11  9  5  1  7 12 14  4 15 10 13  8]]

[[ 1  2  3  4  5  6  7  8  9 10 11 12 13 14 15 16]
 [11 16  9  7  1 10 14  4  5 15  3 13  8  2  6 12]
 [ 8 12 13  5 16 11 15  2  1 14  6  7  4  9 10  3]
 [14 15 10  6 12 13  3  9  2  8  4 16 11  7  1  5]
 [ 9  8 16 10  6 15  1 14  3  4  2 11  7  5 12 13]
 [ 4 11  6  2  3  7  9  5 14 13 12 15 10  8 16  1]
 [13  7 12 15 10  2  4 16  6  5  8  1  9  3 11 14]
 [ 5 14  1  3 13  8 11 12 16  9  7 10  6  4  2 15]
 [ 7  9 15 11 14  4 16  3 12  6  1  5  2 13  8 10]
 [ 6 10 14  1  2 12 13 11  8  3 16  9  5 15  7  4]
 [ 2 13  5 12  7  1  8 15  4 11 10 14  3 16  9  6]
 [16  3  4  8  9  5 10  6 13  7 15  2  1 12 14 11]
 [10  1 11  9  4  3 12  7 15 16 13  8 14  6  5  2]
 [15  4  7 14  8 16  2 13 10  1  5  6 12 11  3  9]
 [12  5  8 13 15 14  6 10 11  2  9  3 16  1  4  7]
 [ 3  6  2 16 11  9  5  1  7 12 14  4 15 10 13  8]]

[[ 1  2  3  4  5  6  7  8  9 10 11 12 13 14 15 16]
 [11 16  9  7  1 10 14  4  5 15  3 13  8  2  6 12]
 [ 8 12 13  5 16 11 15  2  1 14  6  7  4  3 10  9]
 [14 15 10  6 12 13  3  9  2  8  4 16 11  7  1  5]
 [ 9  8 16 10  6 15  1 14  3  4  2 11  7  5 12 13]
 [ 4 11  6  2  3  7  9  5 14 13 12 15 10  8 16  1]
 [13  7 12 15 10  2  4 16  6  5  8  1  3  9 11 14]
 [ 5 14  1  3 13  8 11 12 16  9  7 10  6  4  2 15]
 [ 7  9 15 11 14  4 16  3 12  6  1  5  2 13  8 10]
 [ 6 10 14 12  2  1 13 11  8  3 16  9  5 15  7  4]
 [ 2 13  5  1  7 12  8 15  4 11 10 14  9 16  3  6]
 [16  3  4  8  9  5 10  6 13  7 15  2  1 12 14 11]
 [10  1 11  9  4  3 12  7 15 16 13  8 14  6  5  2]
 [15  4  7 14  8 16  2 13 10  1  5  6 12 11  9  3]
 [12  5  8 13 15 14  6 10 11  2  9  3 16  1  4  7]
 [ 3  6  2 16 11  9  5  1  7 12 14  4 15 10 13  8]]

[[ 1  2  3  4  5  6  7  8  9 10 11 12 13 14 15 16]
 [11 16  9  7  1 10 14  4  5 15  3 13  8  2  6 12]
 [ 8 12 13  5 16 11 15  2  1 14  6  7  4  3 10  9]
 [14 15 10  6 12 13  3  9  2  8  4 16 11  7  1  5]
 [ 9  8 16 10  6 15  1 14  3  4  2 11  7  5 12 13]
 [ 4 11  6  2  3  7  9  5 14 13 12 15 10  8 16  1]
 [13  7 12 15 10  2  4 16  6  5  8  1  9 11  3 14]
 [ 5 14  1  3 13  8 11 12 16  9  7 10  6  4  2 15]
 [15  9  7 11 14  4 16  3 12  6  1  5  2 13  8 10]
 [ 6 10 14  1  2 12 13 11  8  3 16  9  5 15  4  7]
 [ 2 13  5 12  7  1  8 15  4 11 10 14  3 16  9  6]
 [16  3  4  8  9  5 10  6 13  7 15  2  1 12 14 11]
 [10  1 11  9  4  3 12  7 15 16 13  8 14  6  5  2]
 [ 7  4 15 14  8 16  2 13 10  1  5  6 12  9 11  3]
 [12  5  8 13 15 14  6 10 11  2  9  3 16  1  7  4]
 [ 3  6  2 16 11  9  5  1  7 12 14  4 15 10 13  8]]

[[ 1  2  3  4  5  6  7  8  9 10 11 12 13 14 15 16]
 [11 16  9  7  1 10 14  4  5 15  3 13  8  2  6 12]
 [ 8 12 13  5 16 11 15  2  1 14  6  7  4  3 10  9]
 [14 15 10  6 12 13  3  9  2  8  4 16 11  7  1  5]
 [ 9  8 16 10  6 15  1 14  3  4  2 11  7  5 12 13]
 [ 4 11  6  2  3  7  9  5 14 13 12 15 10  8 16  1]
 [13  7 12 15 10  2  4 16  6  5  8  1  3  9 11 14]
 [ 5 14  1  3 13  8 11 12 16  9  7 10  6  4  2 15]
 [ 7  9 15 11 14  4 16  3 12  6  1  5  2 13  8 10]
 [ 6 10 14  1  2 12 13 11  8  3 16  9  5 15  7  4]
 [ 2 13  5 12  7  1  8 15  4 11 10 14  9 16  3  6]
 [16  3  4  8  9  5 10  6 13  7 15  2  1 12 14 11]
 [15  1 11  9  4  3 12  7 10 16 13  8 14  6  5  2]
 [10  4  7 14  8 16  2 13 15  1  5  6 12 11  9  3]
 [12  5  8 13 15 14  6 10 11  2  9  3 16  1  4  7]
 [ 3  6  2 16 11  9  5  1  7 12 14  4 15 10 13  8]]

[[ 1  2  3  4  5  6  7  8  9 10 11 12 13 14 15 16]
 [11 16  9  7  1 10 14  4  5 15  3 13  8  2  6 12]
 [ 8 12 13  5 16 11 15  2  1 14  6  7  4  3 10  9]
 [14 15 10  6 12 13  3  9  2  8  4 16 11  7  1  5]
 [ 9  8 16 10  6 15  1 14  3  4  2 11  7  5 12 13]
 [ 4 11  6  2  3  7  9  5 14 13 12 15 10  8 16  1]
 [13  7 12 15 10  2  4 16  6  5  8  1  3  9 11 14]
 [ 5 14  1  3 13  8 11 12 16  9  7 10  6  4  2 15]
 [ 7  9 15 11 14  4 16  3 12  6  1  5  2 13  8 10]
 [ 6 10 14  1  2 12 13 11  8  3 16  9  5 15  4  7]
 [ 2 13  5 12  7  1  8 15  4 11 10 14  9 16  3  6]
 [16  3  4  8  9  5 10  6 13  7 15  2  1 12 14 11]
 [15  1 11  9  4  3 12  7 10 16 13  8 14  6  5  2]
 [10  4  7 14  8 16  2 13 15  1  5  6 12 11  9  3]
 [12  5  8 13 15 14  6 10 11  2  9  3 16  1  7  4]
 [ 3  6  2 16 11  9  5  1  7 12 14  4 15 10 13  8]]

[[ 1  2  3  4  5  6  7  8  9 10 11 12 13 14 15 16]
 [11 16  9  7  1 10 14  4  5 15  3 13  8  2  6 12]
 [ 8 12 13  5 16 11 15  2  1 14  6  7  4  3 10  9]
 [14 15 10  6 12 13  3  9  2  8  4 16 11  7  1  5]
 [ 9  8 16 10  6 15  1 14 11  4  2  3  7  5 12 13]
 [ 4 11  6  2  3  7  9  5 14 13 12 15 10  8 16  1]
 [13  7 12 15 10  2  4 16  6  5  8  1  3  9 11 14]
 [ 5 14  1  3 13  8 11 12 16  9  7 10  6  4  2 15]
 [ 7  9 15 11 14  4 16  3 12  6  1  5  2 13  8 10]
 [ 6 10 14  1  2 12 13 11  8  3 16  9  5 15  7  4]
 [ 2 13  5 12  7  1  8 15  4 11 10 14  9 16  3  6]
 [16  3  4  8  9  5 10  6 13  7 15  2  1 12 14 11]
 [15  1 11  9  4  3 12  7 10 16 13  8 14  6  5  2]
 [10  4  7 14  8 16  2 13 15  1  5  6 12 11  9  3]
 [12  5  8 13 15 14  6 10  3  2  9 11 16  1  4  7]
 [ 3  6  2 16 11  9  5  1  7 12 14  4 15 10 13  8]]

[[ 1  2  3  4  5  6  7  8  9 10 11 12 13 14 15 16]
 [11 16  9  7  1 10 14  4  5 15  3 13  8  2  6 12]
 [ 8 12 13  5 16 11 15  2  1 14  6  7  4  3 10  9]
 [14 15 10  6 12 13  3  9  2  8  4 16 11  7  1  5]
 [ 9  8 16 10  6 15  1 14 11  4  2  3  7  5 12 13]
 [ 4 11  6  2  3  7  9  5 14 13 12 15 10  8 16  1]
 [13  7 12 15 10  2  4 16  6  5  8  1  3  9 11 14]
 [ 5 14  1  3 13  8 11 12 16  9  7 10  6  4  2 15]
 [ 7  9 15 11 14  4 16  3 12  6  1  5  2 13  8 10]
 [ 6 10 14  1  2 12 13 11  8  3 16  9  5 15  4  7]
 [ 2 13  5 12  7  1  8 15  4 11 10 14  9 16  3  6]
 [16  3  4  8  9  5 10  6 13  7 15  2  1 12 14 11]
 [15  1 11  9  4  3 12  7 10 16 13  8 14  6  5  2]
 [10  4  7 14  8 16  2 13 15  1  5  6 12 11  9  3]
 [12  5  8 13 15 14  6 10  3  2  9 11 16  1  7  4]
 [ 3  6  2 16 11  9  5  1  7 12 14  4 15 10 13  8]]

[[ 1  2  3  4  5  6  7  8  9 10 11 12 13 14 15 16]
 [11 16  9  7  1 10 14  4  5 15  3 13  8  2  6 12]
 [ 8 12  5 13 16 11 15  2  1 14  6  7  4  3 10  9]
 [14 15 10  6 12 13  3  9  2  8  4 16 11  7  1  5]
 [ 9  8 16 10  6 15  1 14 11  4  2  3  7  5 12 13]
 [ 4 11  6  2  3  7  9  5 14 13 12 15 10  8 16  1]
 [12  7 13 15 10  2  4 16  6  5  8  1  3  9 11 14]
 [ 5 14  1  3 13  8 11 12 16  9  7 10  6  4  2 15]
 [ 7  9 15 11 14  4 16  3 12  6  1  5  2 13  8 10]
 [ 6 10 14  1  2 12 13 11  8  3 16  9  5 15  7  4]
 [ 2 13 12  5  7  1  8 15  4 11 10 14  9 16  3  6]
 [16  3  4  8  9  5 10  6 13  7 15  2  1 12 14 11]
 [15  1 11  9  4  3 12  7 10 16 13  8 14  6  5  2]
 [10  4  7 14  8 16  2 13 15  1  5  6 12 11  9  3]
 [13  5  8 12 15 14  6 10  3  2  9 11 16  1  4  7]
 [ 3  6  2 16 11  9  5  1  7 12 14  4 15 10 13  8]]

[[ 1  2  3  4  5  6  7  8  9 10 11 12 13 14 15 16]
 [11 16  9  7  1 10 14  4  5 15  3 13  8  2  6 12]
 [ 8 12 13  5 16 11 15  2  1 14  6  7  4  3 10  9]
 [14 15 10  6 12 13  3  9  2  8  4 16 11  7  1  5]
 [ 9  8 16 10  6 15  1 14 11  4  2  3  7  5 12 13]
 [ 4 11  6  2  3  7  9  5 14 13 12 15 10  8 16  1]
 [13  7 12 15 10  2  4 16  6  5  8  1  3  9 11 14]
 [ 5 14  1  3 13  8 11 12 16  9  7 10  6  4  2 15]
 [ 7  9 15 11 14  4 16  3 12  6  1  5  2 13  8 10]
 [ 6 10 14  1  2 12 13 11  8  3 16  9  5 15  7  4]
 [ 2 13  5 12  7  1  8 15  4 11 10 14  9 16  3  6]
 [16  3  4  8  9  5  6 10 13  7 15  2  1 12 14 11]
 [15  1 11  9  4  3 12  7 10 16 13  8 14  6  5  2]
 [10  4  7 14  8 16  2 13 15  1  5  6 12 11  9  3]
 [12  5  8 13 15 14 10  6  3  2  9 11 16  1  4  7]
 [ 3  6  2 16 11  9  5  1  7 12 14  4 15 10 13  8]]

[[ 1  2  3  4  5  6  7  8  9 10 11 12 13 14 15 16]
 [11 16  9  7  1 10 14  4  5 15  3 13  8  2  6 12]
 [ 8 12 13  5 16 11 15  2  1 14  6  7  4  3 10  9]
 [14 15 10  6 12 13  3  9  2  8  4 16 11  7  1  5]
 [ 9  8 16 10  6 15  1 14 11  4  2  3  7  5 12 13]
 [ 4 11  6  2  3  7  9  5 14 13 12 15 10  8 16  1]
 [13  7 12 15 10  2  4 16  6  5  8  1  3  9 11 14]
 [ 5 14  1  3 13  8 11 12 16  9  7 10  6  4  2 15]
 [ 7  9 15 11 14  4 16  3 12  6  1  5  2 13  8 10]
 [ 6 10 14  1  2 12 13 11  8  3 16  9  5 15  7  4]
 [ 2 13  5 12  7  1  8 15  4 11 10 14  9 16  3  6]
 [16  3  4  8  9  5 10  6 13  7 15  2  1 12 14 11]
 [10  1 11  9  4  3 12  7 15 16 13  8 14  6  5  2]
 [15  4  7 14  8 16  2 13 10  1  5  6 12 11  9  3]
 [12  5  8 13 15 14  6 10  3  2  9 11 16  1  4  7]
 [ 3  6  2 16 11  9  5  1  7 12 14  4 15 10 13  8]]

[[ 1  2  3  4  5  6  7  8  9 10 11 12 13 14 15 16]
 [11 16  9  7  1 10 14  4  5 15  3 13  8  2  6 12]
 [ 8 12 13  5 16 11 15  2  1 14  6  7  4  3 10  9]
 [14 15 10  6 12 13  3  9  2  8  4 16 11  7  1  5]
 [ 9  8 16 10  6 15  1 14  3  4  2 11  7  5 12 13]
 [ 4 11  6  2  3  7  9  5 14 13 12 15 10  8 16  1]
 [13  7 12 15 10  2  4 16  6  5  8  1  3  9 11 14]
 [ 5 14  1  3 13  8 11 12 16  9  7 10  6  4  2 15]
 [15  9  7 11 14  4 16  3 12  6  1  5  2 13  8 10]
 [ 6 10 14  1  2 12 13 11  8  3 16  9  5 15  4  7]
 [ 2 13  5 12  7  1  8 15  4 11 10 14  9 16  3  6]
 [16  3  4  8  9  5  6 10 13  7 15  2  1 12 14 11]
 [10  1 11  9  4  3 12  7 15 16 13  8 14  6  5  2]
 [ 7  4 15 14  8 16  2 13 10  1  5  6 12 11  9  3]
 [12  5  8 13 15 14 10  6 11  2  9  3 16  1  7  4]
 [ 3  6  2 16 11  9  5  1  7 12 14  4 15 10 13  8]]

[[ 1  2  3  4  5  6  7  8  9 10 11 12 13 14 15 16]
 [ 7 16  9 11  1 10 14  4  5 15  3 13  8  2  6 12]
 [ 8 12  5 13 16 11 15  2  1 14  6  7  4  3 10  9]
 [14 15 10  6 12 13  3  9  2  8  4 16 11  7  1  5]
 [ 9  8 16 10  6 15  1 14 11  4  2  3  7  5 12 13]
 [ 4 11  6  2  3  7  9  5 14 13 12 15 10  8 16  1]
 [12  7 13 15 10  2  4 16  6  5  8  1  3  9 11 14]
 [ 5 14  1  3 13  8 11 12 16  9  7 10  6  4  2 15]
 [11  9 15  7 14  4 16  3 12  6  1  5  2 13  8 10]
 [ 6 10 14  1  2 12 13 11  8  3 16  9  5 15  7  4]
 [ 2 13 12  5  7  1  8 15  4 11 10 14  9 16  3  6]
 [16  3  4  8  9  5 10  6 13  7 15  2  1 12 14 11]
 [15  1 11  9  4  3 12  7 10 16 13  8 14  6  5  2]
 [10  4  7 14  8 16  2 13 15  1  5  6 12 11  9  3]
 [13  5  8 12 15 14  6 10  3  2  9 11 16  1  4  7]
 [ 3  6  2 16 11  9  5  1  7 12 14  4 15 10 13  8]]

[[ 1  2  3  4  5  6  7  8  9 10 11 12 13 14 15 16]
 [11 16  9  7  1 10 14  4  5 15  3 13  8  2  6 12]
 [ 8 12 13  5 16 11 15  2  1 14  6  7  4  3 10  9]
 [14 15 10  6 12 13  3  9  2  8  4 16 11  7  1  5]
 [ 9  8 16 10  6 15  1 14 11  4  2  3  7  5 12 13]
 [ 4 11  6  2  3  7  9  5 14 13 12 15 10  8 16  1]
 [13  7 12 15 10  2  4 16  6  5  8  1  3  9 11 14]
 [ 5 14  1  3 13  8 11 12 16  9  7 10  6  4  2 15]
 [ 7  9 15 11 14  4 16  3 13  6  1  5  2 12  8 10]
 [ 6 10 14  1  2 12 13 11  8  3 16  9  5 15  7  4]
 [ 2 13  5 12  7  1  8 15  4 11 10 14  9 16  3  6]
 [16  3  4  8  9  5 10  6 12  7 15  2  1 13 14 11]
 [15  1 11  9  4  3 12  7 10 16 13  8 14  6  5  2]
 [10  4  7 14  8 16  2 13 15  1  5  6 12 11  9  3]
 [12  5  8 13 15 14  6 10  3  2  9 11 16  1  4  7]
 [ 3  6  2 16 11  9  5  1  7 12 14  4 15 10 13  8]]

