Number of solutions = 106

[[ 1  2  3  4  5  6  7  8  9 10 11 12 13 14 15 16]
 [15 13 11 10  3  1  9  4 16  8  2 14  7 12  6  5]
 [ 9 12 14  7 16 11 15 10 13  5  6  1  2  3  4  8]
 [16  5  6  8  2 12 13 14  7 15  3  4  1 11  9 10]
 [ 3 15  7 11 10 14  5 16  4 12  1 13  9  6  8  2]
 [ 8 10  1 13  4  3  2  9 11  7  5  6 14 16 12 15]
 [ 5 14  9  6 15  7 12 11  8  3 16  2  4 13 10  1]
 [12  4  2 16  6  8  1 13 10 14  9 15 11  7  5  3]
 [ 6  8  4  3 13 15 11 12 14  1 10  9 16  5  2  7]
 [14 11  5  1  8 16 10  2  6 13 15  7 12  9  3  4]
 [ 2  7 13 15  1  9 14  5 12 16  4  3  8 10 11  6]
 [10  9 16 12  7  4  6  3  5  2  8 11 15  1 14 13]
 [11  6 15  5 14 13  3  1  2  9  7  8 10  4 16 12]
 [13  1 10 14  9  5  8 15  3  4 12 16  6  2  7 11]
 [ 4  3 12  9 11  2 16  7 15  6 13 10  5  8  1 14]
 [ 7 16  8  2 12 10  4  6  1 11 14  5  3 15 13  9]]

[[ 1  2  3  4  5  6  7  8  9 10 11 12 13 14 15 16]
 [15 13 11 10  3  1  9  4 16  8  2 14  7 12  6  5]
 [ 9 12 14  7 16 11 15 10 13  5  6  1  2  3  4  8]
 [16  5  6  8  2 12 13 14  7 15  3  4  1 11  9 10]
 [ 3 15  7 11 10 14  5 16  4 12  1  2  9  6  8 13]
 [ 8 10  1 13  4  3  2  9 11  7  5  6 14 16 12 15]
 [ 5 14  9  6 15  7 12 11  8  3 16 13  4  1 10  2]
 [12  4  2 16  6  8  1 13 10 14  9 15 11  7  5  3]
 [ 6  8  4  3 13 15 11 12 14  1 10  9 16  5  2  7]
 [14 11  5  1  8 16 10  2  6 13 15  7 12  9  3  4]
 [ 2  7 13 15  1  9 14  5 12 16  4  3  8 10 11  6]
 [10  9 16 12  7  4  6  3  5  2  8 11 15 13 14  1]
 [11  6 15  5 14 13  3  1  2  9  7  8 10  4 16 12]
 [13  1 10 14  9  5  8 15  3  4 12 16  6  2  7 11]
 [ 4  3 12  9 11  2 16  7 15  6 13 10  5  8  1 14]
 [ 7 16  8  2 12 10  4  6  1 11 14  5  3 15 13  9]]

[[ 1  2  3  4  5  6  7  8  9 10 11 12 13 14 15 16]
 [15 13 11 10  3  1  9  4 16  8  2 14  7 12  6  5]
 [ 9 12 14  7 16 11 15 10 13  5  6  1  2  3  4  8]
 [16  5  6  8  2 12 13 14  7 15  3  4  1 11  9 10]
 [ 3 15  7 11 10 14  5 16  4 12  1  2  9  6  8 13]
 [ 8 10  1 13  4  3  2  9 11  7  5  6 14 16 12 15]
 [ 5 14  9  6 15  7 12 11  8  3 16 13  4  1 10  2]
 [12  4  2 16  6  8  1 13 15 14  9 10 11  7  5  3]
 [ 6  8  4  3 13 15 11 12 14  1 10  9 16  5  2  7]
 [14 11  5  1  8 16 10  2  6 13 15  7 12  9  3  4]
 [ 2  7 13 15  1  9 14  5 12 16  4  3  8 10 11  6]
 [10  9 16 12  7  4  6  3  5  2  8 11 15 13 14  1]
 [11  6 15  5 14 13  3  1  2  9  7  8 10  4 16 12]
 [13  1 10 14  9  5  8 15  3  4 12 16  6  2  7 11]
 [ 4  3 12  9 11  2 16  7 10  6 13 15  5  8  1 14]
 [ 7 16  8  2 12 10  4  6  1 11 14  5  3 15 13  9]]

[[ 1  2  3  4  5  6  7  8  9 10 11 12 13 14 15 16]
 [15 13 11 10  3  1  9  4 16  8  2 14  7 12  6  5]
 [ 9 12 14  7 10 11 15 16 13  5  6  1  2  3  4  8]
 [16  5  6  8  2 12 13 14  7 15  3  4  1 11  9 10]
 [ 3 15  7 11 16 14  5 10  4 12  1  2  9  6  8 13]
 [ 8 10  1 13  4  3  2  9 11  7  5  6 14 16 12 15]
 [ 5 14  9  6 15  7 12 11  8  3 16 13  4  1 10  2]
 [12  4  2 16  6  8  1 13 10 14  9 15 11  7  5  3]
 [ 6  8  4  3 13 15 11 12 14  1 10  9 16  5  2  7]
 [14 11  5  1  8 16 10  2  6 13 15  7 12  9  3  4]
 [ 2  7 13 15  1  9 14  5 12 16  4  3  8 10 11  6]
 [10  9 16 12  7  4  6  3  5  2  8 11 15 13 14  1]
 [11  6 15  5 14 13  3  1  2  9  7  8 10  4 16 12]
 [13  1 10 14  9  5  8 15  3  4 12 16  6  2  7 11]
 [ 4  3 12  9 11  2 16  7 15  6 13 10  5  8  1 14]
 [ 7 16  8  2 12 10  4  6  1 11 14  5  3 15 13  9]]

[[ 1  2  3  4  5  6  7  8  9 10 11 12 13 14 15 16]
 [15 13 11 10  3  1  9  4 16  8  2 14  7 12  6  5]
 [ 9 12 14  7 16 11 15 10 13  5  6  1  2  3  4  8]
 [16  5  6  8  2 12 13 14  7 15  3  4  1 11  9 10]
 [ 3 15  7 11 10 14  5 16  4 12  1 13  9  6  8  2]
 [ 8 10  1 13  4  3  2  9 11  7  5  6 14 16 12 15]
 [ 5 14  9  6 15  7 12 11  2  3 16  8  4 13 10  1]
 [12  4  2 16  6  8  1 13 10 14  9 15 11  7  5  3]
 [ 6  8  4  3 13 15 11 12 14  1 10  9 16  5  2  7]
 [14 11  5  1  8 16 10  2  6 13 15  7 12  9  3  4]
 [ 2  7 13 15  1  9 14  5 12 16  4  3  8 10 11  6]
 [10  9 16 12  7  4  6  3  5  2  8 11 15  1 14 13]
 [11  6 15  5 14 13  3  1  8  9  7  2 10  4 16 12]
 [13  1 10 14  9  5  8 15  3  4 12 16  6  2  7 11]
 [ 4  3 12  9 11  2 16  7 15  6 13 10  5  8  1 14]
 [ 7 16  8  2 12 10  4  6  1 11 14  5  3 15 13  9]]

[[ 1  2  3  4  5  6  7  8  9 10 11 12 13 14 15 16]
 [15 13 11 10  3  1  9  4 16  8  2 14  7 12  6  5]
 [ 9 12 14  7 16 11 15 10 13  5  6  1  2  3  4  8]
 [16  5  6  8  2 12 13 14  7 15  3  4  1 11  9 10]
 [ 3 15  7 11 10 14  5 16  4 12  1 13  9  6  8  2]
 [ 8 10  1 13  4  3  2  9 11  7  5  6 14 16 12 15]
 [ 5 14  9  6 15  7 11 12  8  3 16  2  4 13 10  1]
 [12  4  2 16  6  8  1 13 10 14  9 15 11  7  5  3]
 [ 6  8  4  3 13 15 12 11 14  1 10  9 16  5  2  7]
 [14 11  5  1  8 16 10  2  6 13 15  7 12  9  3  4]
 [ 2  7 13 15  1  9 14  5 12 16  4  3  8 10 11  6]
 [10  9 16 12  7  4  6  3  5  2  8 11 15  1 14 13]
 [11  6 15  5 14 13  3  1  2  9  7  8 10  4 16 12]
 [13  1 10 14  9  5  8 15  3  4 12 16  6  2  7 11]
 [ 4  3 12  9 11  2 16  7 15  6 13 10  5  8  1 14]
 [ 7 16  8  2 12 10  4  6  1 11 14  5  3 15 13  9]]

[[ 1  2  3  4  5  6  7  8  9 10 11 12 13 14 15 16]
 [15 13 11 10  3  1  9  4 16  8  2 14  7 12  6  5]
 [ 9 12 14  7 16 11 15 10 13  5  6  1  2  3  4  8]
 [16  5  6  8  2 12 13 14  7 15  4  3  1 11  9 10]
 [ 3 15  7 11 10 14  5 16  4 12  1 13  9  6  8  2]
 [ 8 10  1 13  4  3  2  9 11  7  5  6 14 16 12 15]
 [ 5 14  9  6 15  7 12 11  2  3 16  8  4 13 10  1]
 [12  4  2 16  6  8  1 13 10 14  9 15 11  7  5  3]
 [ 6  8  4  3 13 15 11 12 14  1 10  9 16  5  2  7]
 [14 11  5  1  8 16 10  2  6 13 15  7 12  9  3  4]
 [ 2  7 13 15  1  9 14  5 12 16  3  4  8 10 11  6]
 [10  9 16 12  7  4  6  3  5  2  8 11 15  1 14 13]
 [11  6 15  5 14 13  3  1  8  9  7  2 10  4 16 12]
 [13  1 10 14  9  5  8 15  3  4 12 16  6  2  7 11]
 [ 4  3 12  9 11  2 16  7 15  6 13 10  5  8  1 14]
 [ 7 16  8  2 12 10  4  6  1 11 14  5  3 15 13  9]]

[[ 1  2  3  4  5  6  7  8  9 10 11 12 13 14 15 16]
 [15 13 11 10  3  1  9  4 16  8  2 14  7 12  6  5]
 [ 9 12 14  7 16 11 15 10 13  5  6  1  2  3  4  8]
 [16  5  6  8  2 12 13 14  7 15  3  4  1 11  9 10]
 [ 3 15  7 11 10 14  5 16  4 12  1 13  9  6  8  2]
 [ 8 10  1 13  4  3  2  9 11  7  5  6 14 16 12 15]
 [ 5 14  9  6 15  7 11 12  8  3 16  2  4 13 10  1]
 [12  4  2 16  6  8  1 13 10 14  9 15 11  7  5  3]
 [ 6  8  4  3 13 15 12 11 14  1 10  9 16  5  2  7]
 [14 11  5  1  7 16 10  2  6 13 15  8 12  9  3  4]
 [ 2  7 13 15  1  9 14  5 12 16  4  3  8 10 11  6]
 [10  9 16 12  8  4  6  3  5  2  7 11 15  1 14 13]
 [11  6 15  5 14 13  3  1  2  9  8  7 10  4 16 12]
 [13  1 10 14  9  5  8 15  3  4 12 16  6  2  7 11]
 [ 4  3 12  9 11  2 16  7 15  6 13 10  5  8  1 14]
 [ 7 16  8  2 12 10  4  6  1 11 14  5  3 15 13  9]]

[[ 1  2  3  4  5  6  7  8  9 10 11 12 13 14 15 16]
 [11 13 15 10  3  1  9  4 16  8  2 14  7 12  6  5]
 [ 9 12 14  7 16 11 15 10 13  5  6  1  2  3  4  8]
 [16  5  6  8  2 12 13 14  7 15  3  4  1 11  9 10]
 [ 3 15  7 11 10 14  5 16  4 12  1 13  9  6  8  2]
 [ 8 10  1 13  4  3  2  9 11  7  5  6 14 16 12 15]
 [ 5 14  9  6 15  7 11 12  8  3 16  2  4 13 10  1]
 [12  4  2 16  6  8  1 13 10 14  9 15 11  7  5  3]
 [ 6  8  4  3 13 15 12 11 14  1 10  9 16  5  2  7]
 [14 11  5  1  7 16 10  2  6 13 15  8 12  9  3  4]
 [ 2  7 13 15  1  9 14  5 12 16  4  3  8 10 11  6]
 [10  9 16 12  8  4  6  3  5  2  7 11 15  1 14 13]
 [15  6 11  5 14 13  3  1  2  9  8  7 10  4 16 12]
 [13  1 10 14  9  5  8 15  3  4 12 16  6  2  7 11]
 [ 4  3 12  9 11  2 16  7 15  6 13 10  5  8  1 14]
 [ 7 16  8  2 12 10  4  6  1 11 14  5  3 15 13  9]]

[[ 1  2  3  4  5  6  7  8  9 10 11 12 13 14 15 16]
 [15 13 11 10  3  1  9  4 16  8  2 14  7 12  6  5]
 [ 9 12 14  7 16 11 15 10 13  5  6  1  2  3  4  8]
 [16  5  6  8  2 12 13 14  7 15  3  4  1 11  9 10]
 [ 3 15  7 11 10 14  5 16  4 12  1 13  9  6  8  2]
 [ 8  1 10 13  4  3  2  9 11  7  5  6 14 16 12 15]
 [ 5 14  9  6 15  7 12 11  2  3 16  8  4 13 10  1]
 [12  4  2 16  6  8  1 13 10 14  9 15 11  7  5  3]
 [ 6  8  4  3 13 15 11 12 14  1 10  9 16  5  2  7]
 [14 11  5  1  8 16 10  2  6 13 15  7 12  9  3  4]
 [ 2  7 13 15  1  9 14  5 12 16  4  3  8 10 11  6]
 [10  9 16 12  7  4  6  3  5  2  8 11 15  1 14 13]
 [11  6 15  5 14 13  3  1  8  9  7  2 10  4 16 12]
 [13 10  1 14  9  5  8 15  3  4 12 16  6  2  7 11]
 [ 4  3 12  9 11  2 16  7 15  6 13 10  5  8  1 14]
 [ 7 16  8  2 12 10  4  6  1 11 14  5  3 15 13  9]]

[[ 1  2  3  4  5  6  7  8  9 10 11 12 13 14 15 16]
 [15 13 11 10  3  1  9  4 16  8  2 14  7 12  6  5]
 [ 9 12 14  7 10 15 11 16 13  5  6  1  2  3  4  8]
 [16  5  6  8  2 12 13 14  7 15  3  4  1 11  9 10]
 [ 3 15  7 11 16 14  5 10  4 12  1  2  9  6  8 13]
 [ 8 10  1 13  4  3  2  9 11  7  5  6 14 16 12 15]
 [ 5 14  9  6 15  7 12 11  8  3 16 13  4  1 10  2]
 [12  4  2 16  6  8  1 13 10 14  9 15 11  7  5  3]
 [ 6  8  4  3 13 11 15 12 14  1 10  9 16  5  2  7]
 [14 11  5  1  8 16 10  2  6 13 15  7 12  9  3  4]
 [ 2  7 13 15  1  9 14  5 12 16  4  3  8 10 11  6]
 [10  9 16 12  7  4  6  3  5  2  8 11 15 13 14  1]
 [11  6 15  5 14 13  3  1  2  9  7  8 10  4 16 12]
 [13  1 10 14  9  5  8 15  3  4 12 16  6  2  7 11]
 [ 4  3 12  9 11  2 16  7 15  6 13 10  5  8  1 14]
 [ 7 16  8  2 12 10  4  6  1 11 14  5  3 15 13  9]]

[[ 1  2  3  4  5  6  7  8  9 10 11 12 13 14 15 16]
 [15 10 11 13  3  1  9  4 16  8  2 14  7 12  6  5]
 [ 9 12 14  7 16 11 15 10 13  5  6  1  2  3  4  8]
 [16  5  6  8  2 12 13 14  7 15  3  4  1 11  9 10]
 [ 3 15  7 11 10 14  5 16  4 12  1 13  9  6  8  2]
 [ 8 13  1 10  4  3  2  9 11  7  5  6 14 16 12 15]
 [ 5 14  9  6 15  7 12 11  8  3 16  2  4 13 10  1]
 [12  4  2 16  6  8  1 13 10 14  9 15 11  7  5  3]
 [ 6  8  4  3 13 15 11 12 14  1 10  9 16  5  2  7]
 [14 11  5  1  8 16 10  2  6 13 15  7 12  9  3  4]
 [ 2  7 13 15  1  9 14  5 12 16  4  3  8 10 11  6]
 [10  9 16 12  7  4  6  3  5  2  8 11 15  1 14 13]
 [11  6 15  5 14 13  3  1  2  9  7  8 10  4 16 12]
 [13  1 10 14  9  5  8 15  3  4 12 16  6  2  7 11]
 [ 4  3 12  9 11  2 16  7 15  6 13 10  5  8  1 14]
 [ 7 16  8  2 12 10  4  6  1 11 14  5  3 15 13  9]]

[[ 1  2  3  4  5  6  7  8  9 10 11 12 13 14 15 16]
 [15 10 11 13  3  1  9  4 16  8  2 14  7 12  6  5]
 [ 9 12 14  7 16 11 15 10 13  5  6  1  2  3  4  8]
 [16  5  6  8  2 12 13 14  7 15  3  4  1 11  9 10]
 [ 3 15  7 11 10 14  5 16  4 12  1 13  9  6  8  2]
 [ 8 13  1 10  4  3  2  9 11  7  5  6 14 16 12 15]
 [ 5 14  9  6 15  7 12 11  8  3 16  2  4 13 10  1]
 [12  4  2 16  6  8  1 13 10 14  9 15 11  7  5  3]
 [ 6  8  4  3 13 15 11 12 14  1 10  9 16  5  2  7]
 [14 11  5  1  8 16 10  2  6 13 15  7 12  9  3  4]
 [ 2  7 13 15  1  9 14  5 12 16  4  3  8 10 11  6]
 [10  9 16 12  7  4  6  3  5  2  8 11 15  1 14 13]
 [11  6 15  5 14 13  3  1  2  9  7  8 10  4 16 12]
 [ 7  1 10 14  9  5  8 15  3  4 12 16  6  2 13 11]
 [ 4  3 12  9 11  2 16  7 15  6 13 10  5  8  1 14]
 [13 16  8  2 12 10  4  6  1 11 14  5  3 15  7  9]]

[[ 1  2  3  4  5  6  7  8  9 10 11 12 13 14 15 16]
 [15 13 11 10  3  1  9  4 16  8  2 14  6 12  7  5]
 [ 9 12 14  7 10 15 11 16 13  5  6  1  2  3  4  8]
 [16  5  6  8  2 12 13 14  7 15  3  4  1 11  9 10]
 [ 3 15  7 11 16 14  5 10  4 12  1  2  9  6  8 13]
 [ 8 10  1 13  4  3  2  9 11  7  5  6 14 16 12 15]
 [ 5 14  9  6 15  7 12 11  8  3 16 13  4  1 10  2]
 [12  4  2 16  6  8  1 13 10 14  9 15 11  7  5  3]
 [ 6  8  4  3 13 11 15 12 14  1 10  9 16  5  2  7]
 [14 11  5  1  8 16 10  2  6 13 15  7 12  9  3  4]
 [ 2  7 13 15  1  9 14  5 12 16  4  3  8 10 11  6]
 [10  9 16 12  7  4  6  3  5  2  8 11 15 13 14  1]
 [11  6 15  5 14 13  3  1  2  9  7  8 10  4 16 12]
 [13  1 10 14  9  5  8 15  3  4 12 16  7  2  6 11]
 [ 4  3 12  9 11  2 16  7 15  6 13 10  5  8  1 14]
 [ 7 16  8  2 12 10  4  6  1 11 14  5  3 15 13  9]]

[[ 1  2  3  4  5  6  7  8  9 10 11 12 13 14 15 16]
 [15 10 11 13  3  1  9  4 16  8  2 14  7 12  6  5]
 [ 9 12 14  7 10 11 15 16 13  5  6  1  2  3  4  8]
 [16  5  6  8  2 12 13 14  7 15  3  4  1 11  9 10]
 [ 3 15  7 11 16 14  5 10  4 12  1 13  9  6  8  2]
 [ 8 13  1 10  4  3  2  9 11  7  5  6 14 16 12 15]
 [ 5 14  9  6 15  7 12 11  8  3 16  2  4 13 10  1]
 [12  4  2 16  6  8  1 13 10 14  9 15 11  7  5  3]
 [ 6  8  4  3 13 15 11 12 14  1 10  9 16  5  2  7]
 [14 11  5  1  8 16 10  2  6 13 15  7 12  9  3  4]
 [ 2  7 13 15  1  9 14  5 12 16  4  3  8 10 11  6]
 [10  9 16 12  7  4  6  3  5  2  8 11 15  1 14 13]
 [11  6 15  5 14 13  3  1  2  9  7  8 10  4 16 12]
 [13  1 10 14  9  5  8 15  3  4 12 16  6  2  7 11]
 [ 4  3 12  9 11  2 16  7 15  6 13 10  5  8  1 14]
 [ 7 16  8  2 12 10  4  6  1 11 14  5  3 15 13  9]]

[[ 1  2  3  4  5  6  7  8  9 10 11 12 13 14 15 16]
 [15 13 11 10  3  1  9  4 16  8  2 14  7 12  6  5]
 [ 9 12 14  7 16 11 15 10 13  5  6  1  2  3  4  8]
 [16  5  6  8  2 12 13 14  7 15  4  3  1 11  9 10]
 [ 3 15  7 11 10 14  5 16  4 12  1 13  9  6  8  2]
 [ 8  1 10 13  4  3  2  9 11  7  5  6 14 16 12 15]
 [ 5 14  9  6 15  7 12 11  2  3 16  8  4 13 10  1]
 [12  4  2 16  6  8  1 13 10 14  9 15 11  7  5  3]
 [ 6  8  4  3 13 15 11 12 14  1 10  9 16  5  2  7]
 [14 11  5  1  8 16 10  2  6 13 15  7 12  9  3  4]
 [ 2  7 13 15  1  9 14  5 12 16  3  4  8 10 11  6]
 [10  9 16 12  7  4  6  3  5  2  8 11 15  1 14 13]
 [11  6 15  5 14 13  3  1  8  9  7  2 10  4 16 12]
 [13 10  1 14  9  5  8 15  3  4 12 16  6  2  7 11]
 [ 4  3 12  9 11  2 16  7 15  6 13 10  5  8  1 14]
 [ 7 16  8  2 12 10  4  6  1 11 14  5  3 15 13  9]]

[[ 1  2  3  4  5  6  7  8  9 10 11 12 13 14 15 16]
 [15 10 11 13  3  1  9  4 16  2  8 14  7 12  6  5]
 [ 9 12 14  7 16 11 15 10 13  5  6  1  2  3  4  8]
 [16  5  6  8  2 12 13 14  7 15  3  4  1 11  9 10]
 [ 3 15  7 11 10 14  5 16  4 12  1 13  9  6  8  2]
 [ 8 13  1 10  4  3  2  9 11  7  5  6 14 16 12 15]
 [ 5 14  9  6 15  7 12 11  8  3 16  2  4 13 10  1]
 [12  4  2 16  6  8  1 13 10 14  9 15 11  7  5  3]
 [ 6  8  4  3 13 15 11 12 14  1 10  9 16  5  2  7]
 [14 11  5  1  8 16 10  2  6 13 15  7 12  9  3  4]
 [ 2  7 13 15  1  9 14  5 12 16  4  3  8 10 11  6]
 [10  9 16 12  7  4  6  3  5  8  2 11 15  1 14 13]
 [11  6 15  5 14 13  3  1  2  9  7  8 10  4 16 12]
 [13  1 10 14  9  5  8 15  3  4 12 16  6  2  7 11]
 [ 4  3 12  9 11  2 16  7 15  6 13 10  5  8  1 14]
 [ 7 16  8  2 12 10  4  6  1 11 14  5  3 15 13  9]]

[[ 1  2  3  4  5  6  7  8  9 10 11 12 13 14 15 16]
 [15 10 11 13  3  1  9  4 16  8  2 14  6 12  7  5]
 [ 9 12 14  7 10 15 11 16 13  5  6  1  2  3  4  8]
 [16  5  6  8  2 12 13 14  7 15  3  4  1 11  9 10]
 [ 3 15  7 11 16 14  5 10  4 12  1  2  9  6  8 13]
 [ 8 13  1 10  4  3  2  9 11  7  5  6 14 16 12 15]
 [ 5 14  9  6 15  7 12 11  8  3 16 13  4  1 10  2]
 [12  4  2 16  6  8  1 13 10 14  9 15 11  7  5  3]
 [ 6  8  4  3 13 11 15 12 14  1 10  9 16  5  2  7]
 [14 11  5  1  8 16 10  2  6 13 15  7 12  9  3  4]
 [ 2  7 13 15  1  9 14  5 12 16  4  3  8 10 11  6]
 [10  9 16 12  7  4  6  3  5  2  8 11 15 13 14  1]
 [11  6 15  5 14 13  3  1  2  9  7  8 10  4 16 12]
 [13  1 10 14  9  5  8 15  3  4 12 16  7  2  6 11]
 [ 4  3 12  9 11  2 16  7 15  6 13 10  5  8  1 14]
 [ 7 16  8  2 12 10  4  6  1 11 14  5  3 15 13  9]]

[[ 1  2  3  4  5  6  7  8  9 10 11 12 13 14 15 16]
 [15 13 11 10  3  1  9  4 16  8  2 14  6 12  7  5]
 [ 9 12 14  7 10 15 11 16 13  5  6  1  2  3  4  8]
 [16  5  6  8  2 12 13 14  7 15  3  4  1 11  9 10]
 [ 3 15  7 11 16 14  5 10  4 12  1  2  9  6  8 13]
 [ 8 10  1  6  4  3  2  9 11  7  5 13 14 16 12 15]
 [ 5 14  9 13 15  7 12 11  8  3 16  6  4  1 10  2]
 [12  4  2 16  6  8  1 13 10 14  9 15 11  7  5  3]
 [ 6  8  4  3 13 11 15 12 14  1 10  9 16  5  2  7]
 [14 11  5  1  8 16 10  2  6 13 15  7 12  9  3  4]
 [ 2  7 13 15  1  9 14  5 12 16  4  3  8 10 11  6]
 [10  9 16 12  7  4  6  3  5  2  8 11 15 13 14  1]
 [11  6 15  5 14 13  3  1  2  9  7  8 10  4 16 12]
 [13  1 10 14  9  5  8 15  3  4 12 16  7  2  6 11]
 [ 4  3 12  9 11  2 16  7 15  6 13 10  5  8  1 14]
 [ 7 16  8  2 12 10  4  6  1 11 14  5  3 15 13  9]]

[[ 1  2  3  4  5  6  7  8  9 10 11 12 13 14 15 16]
 [15 10 11 13  3  1  9  4 16  8  2 14  6 12  7  5]
 [ 9 12 14  7 10 15 11 16 13  5  6  1  2  3  4  8]
 [16  5  6  8  2 12 13 14  7 15  3  4  1 11  9 10]
 [ 3 15  7 11 16 14  5 10  4 12  1  2  9  6  8 13]
 [ 8 13  1 10  4  3  2  9 11  7  5  6 14 16 12 15]
 [ 5 14  9  6 15  7 12 11  8  3 16 13  4  1 10  2]
 [12  4  2 16  6  8  1 13 10 14  9 15 11  7  5  3]
 [ 6  8  4  3 13 11 15 12 14  1 10  9 16  5  2  7]
 [14 11  5  1  8 16 10  2  6 13 15  7 12  9  3  4]
 [ 2  7 13 15  1  9 14  5 12 16  4  3  8 10 11  6]
 [10  9 16 12  7  4  6  3  5  2  8 11 15 13  1 14]
 [11  6 15  5 14 13  3  1  2  9  7  8 10  4 16 12]
 [13  1 10 14  9  5  8 15  3  4 12 16  7  2  6 11]
 [ 4  3 12  9 11  2 16  7 15  6 13 10  5  8 14  1]
 [ 7 16  8  2 12 10  4  6  1 11 14  5  3 15 13  9]]

[[ 1  2  3  4  5  6  7  8  9 10 11 12 13 14 15 16]
 [15 13 11 10  3  1  9  4 16  8  2 14  6 12  7  5]
 [14 12  9  7 10 15 11 16 13  5  6  1  2  3  4  8]
 [16  5  6  8  2 12 13 14  7 15  3  4  1 11  9 10]
 [ 3 15  7 11 16 14  5 10  4 12  1  2  9  6  8 13]
 [ 8 10  1  6  4  3  2  9 11  7  5 13 14 16 12 15]
 [ 9 14  5 13 15  7 12 11  8  3 16  6  4  1 10  2]
 [12  4  2 16  6  8  1 13 10 14  9 15 11  7  5  3]
 [ 6  8  4  3 13 11 15 12 14  1 10  9 16  5  2  7]
 [ 5 11 14  1  8 16 10  2  6 13 15  7 12  9  3  4]
 [ 2  7 13 15  1  9 14  5 12 16  4  3  8 10 11  6]
 [10  9 16 12  7  4  6  3  5  2  8 11 15 13 14  1]
 [11  6 15  5 14 13  3  1  2  9  7  8 10  4 16 12]
 [13  1 10 14  9  5  8 15  3  4 12 16  7  2  6 11]
 [ 4  3 12  9 11  2 16  7 15  6 13 10  5  8  1 14]
 [ 7 16  8  2 12 10  4  6  1 11 14  5  3 15 13  9]]

[[ 1  2  3  4  5  6  7  8  9 10 11 12 13 14 15 16]
 [15 13 11 10  3  1  9  4 16  8  2 14  6 12  7  5]
 [ 9 12 14  7 10 15 11 16 13  5  6  1  2  3  4  8]
 [16  5  6  8  2 12 13 14  7 15  3  4  1 11  9 10]
 [ 3 15  7 11 16 14  5 10  4 12  1  2  9  6  8 13]
 [ 8 10  1  6  4  3  2  9 11  7  5 13 14 16 12 15]
 [ 5 14  9 13 15  7 12 11  8  3 16  6  4  1 10  2]
 [12  4  2 16  6  8  1 13 15 14  9 10 11  7  5  3]
 [ 6  8  4  3 13 11 15 12 14  1 10  9 16  5  2  7]
 [14 11  5  1  8 16 10  2  6 13 15  7 12  9  3  4]
 [ 2  7 13 15  1  9 14  5 12 16  4  3  8 10 11  6]
 [10  9 16 12  7  4  6  3  5  2  8 11 15 13 14  1]
 [11  6 15  5 14 13  3  1  2  9  7  8 10  4 16 12]
 [13  1 10 14  9  5  8 15  3  4 12 16  7  2  6 11]
 [ 4  3 12  9 11  2 16  7 10  6 13 15  5  8  1 14]
 [ 7 16  8  2 12 10  4  6  1 11 14  5  3 15 13  9]]

[[ 1  2  3  4  5  6  7  8  9 10 11 12 13 14 15 16]
 [15 13 11 10  3  1  9  4 16  8  2 14  6 12  7  5]
 [14 12  9  7 10 15 11 16 13  5  6  1  2  3  4  8]
 [16  5  6  8  2 12 13 14  7 15  3  4  1 11  9 10]
 [ 3 15  7 11 16 14  5 10  4 12  1  2  9  6  8 13]
 [ 8 10  1  6  4  3  2  9 11  7  5 13 14 16 12 15]
 [ 9 14  5 13 15  7 12 11  8  3 16  6  4  1 10  2]
 [12  4  2 16  6  8  1 13 10 14  9 15 11  7  5  3]
 [ 6  8  4  3 13 11 15 12 14  1 10  9 16  5  2  7]
 [ 5 11 14  1  8 16 10  2  6 13 15  7 12  9  3  4]
 [ 2  7 13 15  1  9 14  5 12 16  4  3  8 10  6 11]
 [10  9 16 12  7  4  6  3  5  2  8 11 15 13 14  1]
 [11  6 15  5 14 13  3  1  2  9  7  8 10  4 16 12]
 [13  1 10 14  9  5  8 15  3  4 12 16  7  2 11  6]
 [ 4  3 12  9 11  2 16  7 15  6 13 10  5  8  1 14]
 [ 7 16  8  2 12 10  4  6  1 11 14  5  3 15 13  9]]

[[ 1  2  3  4  5  6  7  8  9 10 11 12 13 14 15 16]
 [15 13 11 10  3  1  9  4 16  8  2 14  6 12  7  5]
 [14 12  9  7 10 15 11 16 13  5  1  6  2  3  4  8]
 [16  5  6  8  2 12 13 14  7 15  3  4  1 11  9 10]
 [ 3 15  7 11 16 14  5 10  4 12  6  2  9  1  8 13]
 [ 8 10  1  6  4  3  2  9 11  7  5 13 14 16 12 15]
 [ 9 14  5 13 15  7 12 11  8  3 16  1  4  6 10  2]
 [12  4  2 16  6  8  1 13 10 14  9 15 11  7  5  3]
 [ 6  8  4  3 13 11 15 12 14  1 10  9 16  5  2  7]
 [ 5 11 14  1  8 16 10  2  6 13 15  7 12  9  3  4]
 [ 2  7 13 15  1  9 14  5 12 16  4  3  8 10 11  6]
 [10  9 16 12  7  4  6  3  5  2  8 11 15 13 14  1]
 [11  6 15  5 14 13  3  1  2  9  7  8 10  4 16 12]
 [13  1 10 14  9  5  8 15  3  4 12 16  7  2  6 11]
 [ 4  3 12  9 11  2 16  7 15  6 13 10  5  8  1 14]
 [ 7 16  8  2 12 10  4  6  1 11 14  5  3 15 13  9]]

[[ 1  2  3  4  5  6  7  8  9 10 11 12 13 14 15 16]
 [15 10 11 13  3  1  9  4 16  8  2 14  7 12  6  5]
 [ 9 12 14  7 16 11 15 10 13  5  6  1  2  3  4  8]
 [16  5  6  8  2 12 13 14  7 15  3  4  1 11  9 10]
 [ 3 15  7 11 10 14  5 16  4 12  1 13  9  6  8  2]
 [ 8 13  1 10  4  3  2  9 11  7  5  6 14 16 12 15]
 [ 5 14  9  6 15  7 12 11  8  3 16  2  4  1 10 13]
 [12  4  2 16  6  8  1 13 10 14  9 15 11  7  5  3]
 [ 6  8  4  3 13 15 11 12 14  1 10  9 16  5  2  7]
 [14 11  5  1  8 16 10  2  6 13 15  7 12  9  3  4]
 [ 2  7 13 15  1  9 14  5 12 16  4  3  8 10 11  6]
 [10  9 16 12  7  4  6  3  5  2  8 11 15 13 14  1]
 [11  6 15  5 14 13  3  1  2  9  7  8 10  4 16 12]
 [ 7  1 10 14  9  5  8 15  3  4 12 16  6  2 13 11]
 [ 4  3 12  9 11  2 16  7 15  6 13 10  5  8  1 14]
 [13 16  8  2 12 10  4  6  1 11 14  5  3 15  7  9]]

[[ 1  2  3  4  5  6  7  8  9 10 11 12 13 14 15 16]
 [15 13 11 10  3  1  9  4 16  8  2 14  6 12  7  5]
 [14 12  9  7 10 15 11 16 13  5  6  1  2  3  4  8]
 [16  5  6  8  2 12 13 14  7 15  3  4  1 11  9 10]
 [ 3 15  7 11 16 14  5 10  4 12  1  2  9  6  8 13]
 [ 8 10  1  6  4  3  2  9 11  7  5 13 14 16 12 15]
 [ 9 14  5 13 15  7 12 11  8  3 16  6  4  1 10  2]
 [12  4  2 16  6  8  1 13 10 14  9 15 11  7  5  3]
 [ 6  8  4 12 13 11 15  3 14  1 10  9 16  5  2  7]
 [ 5 11 14  1  8 16 10  2  6 13 15  7 12  9  3  4]
 [ 2  7 13 15  1  9 14  5 12 16  4  3  8 10 11  6]
 [10  9 16  3  7  4  6 12  5  2  8 11 15 13 14  1]
 [11  6 15  5 14 13  3  1  2  9  7  8 10  4 16 12]
 [13  1 10 14  9  5  8 15  3  4 12 16  7  2  6 11]
 [ 4  3 12  9 11  2 16  7 15  6 13 10  5  8  1 14]
 [ 7 16  8  2 12 10  4  6  1 11 14  5  3 15 13  9]]

[[ 1  2  3  4  5  6  7  8  9 10 11 12 13 14 15 16]
 [11 10 15 13  3  1  9  4 16  8  2 14  7 12  6  5]
 [ 9 12 14  7 16 11 15 10 13  5  6  1  2  3  4  8]
 [16  5  6  8  2 12 13 14  7 15  3  4  1 11  9 10]
 [ 3 15  7 11 10 14  5 16  4 12  1 13  9  6  8  2]
 [ 8 13  1 10  4  3  2  9 11  7  5  6 14 16 12 15]
 [ 5 14  9  6 15  7 12 11  8  3 16  2  4  1 10 13]
 [12  4  2 16  6  8  1 13 10 14  9 15 11  7  5  3]
 [ 6  8  4  3 13 15 11 12 14  1 10  9 16  5  2  7]
 [14 11  5  1  8 16 10  2  6 13 15  7 12  9  3  4]
 [ 2  7 13 15  1  9 14  5 12 16  4  3  8 10 11  6]
 [10  9 16 12  7  4  6  3  5  2  8 11 15 13 14  1]
 [15  6 11  5 14 13  3  1  2  9  7  8 10  4 16 12]
 [ 7  1 10 14  9  5  8 15  3  4 12 16  6  2 13 11]
 [ 4  3 12  9 11  2 16  7 15  6 13 10  5  8  1 14]
 [13 16  8  2 12 10  4  6  1 11 14  5  3 15  7  9]]

[[ 1  2  3  4  5  6  7  8  9 10 11 12 13 14 15 16]
 [15 13 11 10  3  1  9  4 16  8  2 14  6 12  7  5]
 [14 12  9  7 10 15 11 16 13  5  1  6  2  3  4  8]
 [16  5  6  8  2 12 13 14  7 15  3  4  1 11  9 10]
 [ 3 15  7 11 16 14  5 10  4 12  6  2  9  1  8 13]
 [ 8 10  1  6  4  3  2  9 11 13  5  7 14 16 12 15]
 [ 9 14  5 13 15  7 12 11  8  3 16  1  4  6 10  2]
 [12  4  2 16  6  8  1 13 10 14  9 15 11  7  5  3]
 [ 6  8  4  3 13 11 15 12 14  1 10  9 16  5  2  7]
 [ 5 11 14  1  8 16 10  2  6  7 15 13 12  9  3  4]
 [ 2  7 13 15  1  9 14  5 12 16  4  3  8 10 11  6]
 [10  9 16 12  7  4  6  3  5  2  8 11 15 13 14  1]
 [11  6 15  5 14 13  3  1  2  9  7  8 10  4 16 12]
 [13  1 10 14  9  5  8 15  3  4 12 16  7  2  6 11]
 [ 4  3 12  9 11  2 16  7 15  6 13 10  5  8  1 14]
 [ 7 16  8  2 12 10  4  6  1 11 14  5  3 15 13  9]]

[[ 1  2  3  4  5  6  7  8  9 10 11 12 13 14 15 16]
 [15 13 11 10  3  1  9  4 16  2  8 14  6 12  7  5]
 [14 12  9  7 10 15 11 16 13  5  1  6  2  3  4  8]
 [16  5  6  8  2 12 13 14  7 15  3  4  1 11  9 10]
 [ 3 15  7 11 16 14  5 10  4 12  6  2  9  1  8 13]
 [ 8 10  1  6  4  3  2  9 11  7  5 13 14 16 12 15]
 [ 9 14  5 13 15  7 12 11  8  3 16  1  4  6 10  2]
 [12  4  2 16  6  8  1 13 10 14  9 15 11  7  5  3]
 [ 6  8  4  3 13 11 15 12 14  1 10  9 16  5  2  7]
 [ 5 11 14  1  8 16 10  2  6 13 15  7 12  9  3  4]
 [ 2  7 13 15  1  9 14  5 12 16  4  3  8 10 11  6]
 [10  9 16 12  7  4  6  3  5  8  2 11 15 13 14  1]
 [11  6 15  5 14 13  3  1  2  9  7  8 10  4 16 12]
 [13  1 10 14  9  5  8 15  3  4 12 16  7  2  6 11]
 [ 4  3 12  9 11  2 16  7 15  6 13 10  5  8  1 14]
 [ 7 16  8  2 12 10  4  6  1 11 14  5  3 15 13  9]]

[[ 1  2  3  4  5  6  7  8  9 10 11 12 13 14 15 16]
 [11 10 15 13  3  1  9  4 16  8  2 14  6 12  7  5]
 [ 9 12 14  7 10 15 11 16 13  5  6  1  2  3  4  8]
 [16  5  6  8  2 12 13 14  7 15  3  4  1 11  9 10]
 [ 3 15  7 11 16 14  5 10  4 12  1  2  9  6  8 13]
 [ 8 13  1 10  4  3  2  9 11  7  5  6 14 16 12 15]
 [ 5 14  9  6 15  7 12 11  8  3 16 13  4  1 10  2]
 [12  4  2 16  6  8  1 13 10 14  9 15 11  7  5  3]
 [ 6  8  4  3 13 11 15 12 14  1 10  9 16  5  2  7]
 [14 11  5  1  8 16 10  2  6 13 15  7 12  9  3  4]
 [ 2  7 13 15  1  9 14  5 12 16  4  3  8 10 11  6]
 [10  9 16 12  7  4  6  3  5  2  8 11 15 13 14  1]
 [15  6 11  5 14 13  3  1  2  9  7  8 10  4 16 12]
 [13  1 10 14  9  5  8 15  3  4 12 16  7  2  6 11]
 [ 4  3 12  9 11  2 16  7 15  6 13 10  5  8  1 14]
 [ 7 16  8  2 12 10  4  6  1 11 14  5  3 15 13  9]]

[[ 1  2  3  4  5  6  7  8  9 10 11 12 13 14 15 16]
 [15 13 11 10  3  1  9  4 16  8  2 14  6 12  7  5]
 [ 9 12 14  7 10 15 11 16 13  5  6  1  2  3  4  8]
 [16  5  6  8  2 12 13 14  7 15  3  4  1 11  9 10]
 [ 3 15  7 11 16 14  5 10  4 12  1  2  9  6  8 13]
 [ 8 10  1  6  4  3  2  9 11 13  5  7 14 16 12 15]
 [ 5 14  9 13 15  7 12 11  8  3 16  6  4  1 10  2]
 [12  4  2 16  6  8  1 13 10 14  9 15 11  7  5  3]
 [ 6  8  4  3 13 11 15 12 14  1 10  9 16  5  2  7]
 [14 11  5  1  8 16 10  2  6  7 15 13 12  9  3  4]
 [ 2  7 13 15  1  9 14  5 12 16  4  3  8 10 11  6]
 [10  9 16 12  7  4  6  3  5  2  8 11 15 13 14  1]
 [11  6 15  5 14 13  3  1  2  9  7  8 10  4 16 12]
 [13  1 10 14  9  5  8 15  3  4 12 16  7  2  6 11]
 [ 4  3 12  9 11  2 16  7 15  6 13 10  5  8  1 14]
 [ 7 16  8  2 12 10  4  6  1 11 14  5  3 15 13  9]]

[[ 1  2  3  4  5  6  7  8  9 10 11 12 13 14 15 16]
 [15 13 11 10  3  1  9  4 16  8  2 14  6 12  7  5]
 [ 9 12 14  7 10 15 11 16 13  5  6  1  2  3  4  8]
 [16  5  6  8  2 12 13 14  7 15  4  3  1 11  9 10]
 [ 3 15  7 11 16 14  5 10  4 12  1  2  9  6  8 13]
 [ 8 10  1  6  4  3  2  9 11 13  5  7 14 16 12 15]
 [ 5 14  9 13 15  7 12 11  8  3 16  6  4  1 10  2]
 [12  4  2 16  6  8  1 13 10 14  9 15 11  7  5  3]
 [ 6  8  4  3 13 11 15 12 14  1 10  9 16  5  2  7]
 [14 11  5  1  8 16 10  2  6  7 15 13 12  9  3  4]
 [ 2  7 13 15  1  9 14  5 12 16  3  4  8 10 11  6]
 [10  9 16 12  7  4  6  3  5  2  8 11 15 13 14  1]
 [11  6 15  5 14 13  3  1  2  9  7  8 10  4 16 12]
 [13  1 10 14  9  5  8 15  3  4 12 16  7  2  6 11]
 [ 4  3 12  9 11  2 16  7 15  6 13 10  5  8  1 14]
 [ 7 16  8  2 12 10  4  6  1 11 14  5  3 15 13  9]]

[[ 1  2  3  4  5  6  7  8  9 10 11 12 13 14 15 16]
 [15 13 11 10  3  1  9  4 16  8  2 14  6 12  7  5]
 [14 12  9  7 10 15 11 16 13  5  1  6  2  3  4  8]
 [16  5  6  8  2 12 13 14  7 15  3  4  1 11  9 10]
 [ 3 15  7 11 16 14  5 10  4 12  6  2  9 13  8  1]
 [ 8 10  1  6  4  3  2  9 11 13  5  7 14 16 12 15]
 [ 9 14  5 13 15  7 12 11  8  3 16  1  4  6 10  2]
 [12  4  2 16  6  8  1 13 10 14  9 15 11  7  5  3]
 [ 6  8  4  3 13 11 15 12 14  1 10  9 16  5  2  7]
 [ 5 11 14  1  8 16 10  2  6  7 15 13 12  9  3  4]
 [ 2  7 13 15  1  9 14  5 12 16  4  3  8 10 11  6]
 [10  9 16 12  7  4  6  3  5  2  8 11 15  1 14 13]
 [11  6 15  5 14 13  3  1  2  9  7  8 10  4 16 12]
 [13  1 10 14  9  5  8 15  3  4 12 16  7  2  6 11]
 [ 4  3 12  9 11  2 16  7 15  6 13 10  5  8  1 14]
 [ 7 16  8  2 12 10  4  6  1 11 14  5  3 15 13  9]]

[[ 1  2  3  4  5  6  7  8  9 10 11 12 13 14 15 16]
 [15 13 11 10  3  1  9  4 16  2  8 14  6 12  7  5]
 [14 12  9  7 10 15 11 16 13  5  1  6  2  3  4  8]
 [16  5  6  8  2 12 13 14  7 15  3  4  1 11  9 10]
 [ 3 15  7 11 16 14  5 10  4 12  6  2  9  1  8 13]
 [ 8  1 10  6  4  3  2  9 11  7  5 13 14 16 12 15]
 [ 9 14  5 13 15  7 12 11  8  3 16  1  4  6 10  2]
 [12  4  2 16  6  8  1 13 10 14  9 15 11  7  5  3]
 [ 6  8  4  3 13 11 15 12 14  1 10  9 16  5  2  7]
 [ 5 11 14  1  8 16 10  2  6 13 15  7 12  9  3  4]
 [ 2  7 13 15  1  9 14  5 12 16  4  3  8 10 11  6]
 [10  9 16 12  7  4  6  3  5  8  2 11 15 13 14  1]
 [11  6 15  5 14 13  3  1  2  9  7  8 10  4 16 12]
 [13 10  1 14  9  5  8 15  3  4 12 16  7  2  6 11]
 [ 4  3 12  9 11  2 16  7 15  6 13 10  5  8  1 14]
 [ 7 16  8  2 12 10  4  6  1 11 14  5  3 15 13  9]]

[[ 1  2  3  4  5  6  7  8  9 10 11 12 13 14 15 16]
 [15 13 11 10  3  1  9  4 16  8  2 14  6 12  7  5]
 [ 9 12 14  7 10 15 11 16 13  5  6  1  2  3  4  8]
 [16  5  6  8  2 12 13 14  7 15  3  4  1 11  9 10]
 [ 3 15  7 11 16 14  5 10  4 12  1  2  9  6  8 13]
 [ 8 10  1  6  4  3  2  9 11 13  5  7 14 16 12 15]
 [ 5 14  9 13 15  7 12 11  8  3 16  6  4  1 10  2]
 [12  4  2 16  6  8  1 13 15 14  9 10 11  7  5  3]
 [ 6  8  4  3 13 11 15 12 14  1 10  9 16  5  2  7]
 [14 11  5  1  8 16 10  2  6  7 15 13 12  9  3  4]
 [ 2  7 13 15  1  9 14  5 12 16  4  3  8 10 11  6]
 [10  9 16 12  7  4  6  3  5  2  8 11 15 13 14  1]
 [11  6 15  5 14 13  3  1  2  9  7  8 10  4 16 12]
 [13  1 10 14  9  5  8 15  3  4 12 16  7  2  6 11]
 [ 4  3 12  9 11  2 16  7 10  6 13 15  5  8  1 14]
 [ 7 16  8  2 12 10  4  6  1 11 14  5  3 15 13  9]]

[[ 1  2  3  4  5  6  7  8  9 10 11 12 13 14 15 16]
 [15 13 11 10  3  1  9  4 16  2  8 14  6 12  7  5]
 [14 12  9  7 10 11 15 16 13  5  1  6  2  3  4  8]
 [16  5  6  8  2 12 13 14  7 15  3  4  1 11  9 10]
 [ 3 15  7 11 16 14  5 10  4 12  6  2  9  1  8 13]
 [ 8 10  1  6  4  3  2  9 11  7  5 13 14 16 12 15]
 [ 9 14  5 13 15  7 12 11  8  3 16  1  4  6 10  2]
 [12  4  2 16  6  8  1 13 10 14  9 15 11  7  5  3]
 [ 6  8  4  3 13 15 11 12 14  1 10  9 16  5  2  7]
 [ 5 11 14  1  8 16 10  2  6 13 15  7 12  9  3  4]
 [ 2  7 13 15  1  9 14  5 12 16  4  3  8 10 11  6]
 [10  9 16 12  7  4  6  3  5  8  2 11 15 13 14  1]
 [11  6 15  5 14 13  3  1  2  9  7  8 10  4 16 12]
 [13  1 10 14  9  5  8 15  3  4 12 16  7  2  6 11]
 [ 4  3 12  9 11  2 16  7 15  6 13 10  5  8  1 14]
 [ 7 16  8  2 12 10  4  6  1 11 14  5  3 15 13  9]]

[[ 1  2  3  4  5  6  7  8  9 10 11 12 13 14 15 16]
 [15 13 11 10  3  1  9  4 16  8  2 14  6 12  7  5]
 [14 12  9  7 10 15 11 16 13  5  1  6  2  3  4  8]
 [16  5  6  8  2 12 13 14  7 15  3  4  1 11  9 10]
 [ 3 15  7 11 16 14  5 10  4 12  6  2  9  1  8 13]
 [ 8  1 10  6  4  3  2  9 11  7  5 13 14 16 12 15]
 [ 9 14  5 13 15  7 12 11  8  3 16  1  4  6 10  2]
 [12  4  2 16  6  8  1 13 10 14  9 15 11  7  5  3]
 [ 6  8  4  3 13 11 15 12 14  1 10  9 16  5  2  7]
 [ 5 11 14  1  8 16 10  2  6 13 15  7 12  9  3  4]
 [ 2  7 13 15  1  9 14  5 12 16  4  3  8 10 11  6]
 [10  9 16 12  7  4  6  3  5  2  8 11 15 13 14  1]
 [11  6 15  5 14 13  3  1  2  9  7  8 10  4 16 12]
 [13 10  1 14  9  5  8 15  3  4 12 16  7  2  6 11]
 [ 4  3 12  9 11  2 16  7 15  6 13 10  5  8  1 14]
 [ 7 16  8  2 12 10  4  6  1 11 14  5  3 15 13  9]]

[[ 1  2  3  4  5  6  7  8  9 10 11 12 13 14 15 16]
 [15 13 11 10  3  1  9  4 16  2  8 14  6 12  7  5]
 [14 12  9  7 10 15 11 16 13  5  1  6  2  3  4  8]
 [16  5  6  8  2 12 13 14  7 15  3  4  1 11  9 10]
 [ 3 15  7 11 16 14  5 10  4 12  6  2  9  1  8 13]
 [ 8  1 10  6  4  3  2  9 11  7  5 13 14 16 12 15]
 [ 9 14  5 13 15  7 12 11  8  3 16  1  4  6 10  2]
 [12  4  2 16  6  8  1 13 10 14  9 15 11  7  5  3]
 [ 6  8  4  3 13 11 15 12 14  1 10  9 16  5  2  7]
 [ 5 11 14  1  8 16 10  2  6 13 15  7 12  9  3  4]
 [ 2  7 13 15  1  9 14  5 12 16  4  3  8 10  6 11]
 [10  9 16 12  7  4  6  3  5  8  2 11 15 13 14  1]
 [11  6 15  5 14 13  3  1  2  9  7  8 10  4 16 12]
 [13 10  1 14  9  5  8 15  3  4 12 16  7  2 11  6]
 [ 4  3 12  9 11  2 16  7 15  6 13 10  5  8  1 14]
 [ 7 16  8  2 12 10  4  6  1 11 14  5  3 15 13  9]]

[[ 1  2  3  4  5  6  7  8  9 10 11 12 13 14 15 16]
 [15 13 11 10  3  1  9  4 16  2  8 14  6 12  7  5]
 [14 12  9  7 10 15 11 16 13  5  1  6  2  3  4  8]
 [16  5  6  8  2 12 13 14  7 15  3  4  1 11  9 10]
 [ 3 15  7 11 16 14  5 10  4 12  6  2  9  1  8 13]
 [ 8 10  1  6  4  3  2  9 11  7  5 13 14 16 12 15]
 [ 9 14  5 13 15  7 12 11  8  3 16  1  4  6 10  2]
 [12  4  2 16  6  8  1 13 15 14  9 10 11  7  5  3]
 [ 6  8  4  3 13 11 15 12 14  1 10  9 16  5  2  7]
 [ 5 11 14  1  8 16 10  2  6 13 15  7 12  9  3  4]
 [ 2  7 13 15  1  9 14  5 12 16  4  3  8 10 11  6]
 [10  9 16 12  7  4  6  3  5  8  2 11 15 13 14  1]
 [11  6 15  5 14 13  3  1  2  9  7  8 10  4 16 12]
 [13  1 10 14  9  5  8 15  3  4 12 16  7  2  6 11]
 [ 4  3 12  9 11  2 16  7 10  6 13 15  5  8  1 14]
 [ 7 16  8  2 12 10  4  6  1 11 14  5  3 15 13  9]]

[[ 1  2  3  4  5  6  7  8  9 10 11 12 13 14 15 16]
 [15 13 11 10  3  1  9  4 16  2  8 14  6 12  7  5]
 [14 12  9  7 16 11 15 10 13  5  1  6  2  3  4  8]
 [16  5  6  8  2 12 13 14  7 15  3  4  1 11  9 10]
 [ 3 15  7 11 10 14  5 16  4 12  6  2  9  1  8 13]
 [ 8 10  1  6  4  3  2  9 11  7  5 13 14 16 12 15]
 [ 9 14  5 13 15  7 12 11  8  3 16  1  4  6 10  2]
 [12  4  2 16  6  8  1 13 10 14  9 15 11  7  5  3]
 [ 6  8  4  3 13 15 11 12 14  1 10  9 16  5  2  7]
 [ 5 11 14  1  8 16 10  2  6 13 15  7 12  9  3  4]
 [ 2  7 13 15  1  9 14  5 12 16  4  3  8 10 11  6]
 [10  9 16 12  7  4  6  3  5  8  2 11 15 13 14  1]
 [11  6 15  5 14 13  3  1  2  9  7  8 10  4 16 12]
 [13  1 10 14  9  5  8 15  3  4 12 16  7  2  6 11]
 [ 4  3 12  9 11  2 16  7 15  6 13 10  5  8  1 14]
 [ 7 16  8  2 12 10  4  6  1 11 14  5  3 15 13  9]]

[[ 1  2  3  4  5  6  7  8  9 10 11 12 13 14 15 16]
 [15 13 11 10  3  1  9  4 16  8  2 14  6 12  7  5]
 [ 9 12 14  7 10 15 11 16 13  5  6  1  2  3  4  8]
 [16  5  6  8  2 12 13 14  7 15  3  4  1 11  9 10]
 [ 3 15  7 11 16 14  5 10  4 12  1  2  9  6  8 13]
 [ 8 10  1  6  4  3  2  9 11 13  5  7 14 16 12 15]
 [ 5 14  9 13 15  7 12 11  8  3 16  6  4  1 10  2]
 [12  4  2 16  6  8  1 13 10 14  9 15 11  7  5  3]
 [ 6  8  4  3 13 11 15 12 14  1 10  9 16  5  2  7]
 [14 11  5  1  8 16 10  2  6  7 15 13 12  9  3  4]
 [ 2  7 10 15  1  9 14  5 12 16  4  3  8 13 11  6]
 [13  9 16 12  7  4  6  3  5  2  8 11 15 10 14  1]
 [11  6 15  5 14 13  3  1  2  9  7  8 10  4 16 12]
 [10  1 13 14  9  5  8 15  3  4 12 16  7  2  6 11]
 [ 4  3 12  9 11  2 16  7 15  6 13 10  5  8  1 14]
 [ 7 16  8  2 12 10  4  6  1 11 14  5  3 15 13  9]]

[[ 1  2  3  4  5  6  7  8  9 10 11 12 13 14 15 16]
 [15 13 11 10  3  1  9  4 16  8  2 14  6 12  7  5]
 [ 9 12 14  7 16 15 11 10 13  5  6  1  2  3  4  8]
 [16  5  6  8  2 12 13 14  7 15  3  4  1 11  9 10]
 [ 3 15  7 11 10 14  5 16  4 12  1  2  9  6  8 13]
 [ 8 10  1  6  4  3  2  9 11 13  5  7 14 16 12 15]
 [ 5 14  9 13 15  7 12 11  8  3 16  6  4  1 10  2]
 [12  4  2 16  6  8  1 13 10 14  9 15 11  7  5  3]
 [ 6  8  4  3 13 11 15 12 14  1 10  9 16  5  2  7]
 [14 11  5  1  8 16 10  2  6  7 15 13 12  9  3  4]
 [ 2  7 10 15  1  9 14  5 12 16  4  3  8 13 11  6]
 [13  9 16 12  7  4  6  3  5  2  8 11 15 10 14  1]
 [11  6 15  5 14 13  3  1  2  9  7  8 10  4 16 12]
 [10  1 13 14  9  5  8 15  3  4 12 16  7  2  6 11]
 [ 4  3 12  9 11  2 16  7 15  6 13 10  5  8  1 14]
 [ 7 16  8  2 12 10  4  6  1 11 14  5  3 15 13  9]]

[[ 1  2  3  4  5  6  7  8  9 10 11 12 13 14 15 16]
 [15 13 11 10  3  1  9  4 16  8  2 14  7 12  6  5]
 [ 9 12 14  7 16 15 11 10 13  5  6  1  2  3  4  8]
 [16  5  6  8  2 12 13 14  7 15  3  4  1 11  9 10]
 [ 3 15  7 11 10 14  5 16  4 12  1  2  9  6  8 13]
 [ 8 10  1  6  4  3  2  9 11 13  5  7 14 16 12 15]
 [ 5 14  9 13 15  7 12 11  8  3 16  6  4  1 10  2]
 [12  4  2 16  6  8  1 13 10 14  9 15 11  7  5  3]
 [ 6  8  4  3 13 11 15 12 14  1 10  9 16  5  2  7]
 [14 11  5  1  8 16 10  2  6  7 15 13 12  9  3  4]
 [ 2  7 10 15  1  9 14  5 12 16  4  3  8 13 11  6]
 [13  9 16 12  7  4  6  3  5  2  8 11 15 10 14  1]
 [11  6 15  5 14 13  3  1  2  9  7  8 10  4 16 12]
 [10  1 13 14  9  5  8 15  3  4 12 16  6  2  7 11]
 [ 4  3 12  9 11  2 16  7 15  6 13 10  5  8  1 14]
 [ 7 16  8  2 12 10  4  6  1 11 14  5  3 15 13  9]]

[[ 1  2  3  4  5  6  7  8  9 10 11 12 13 14 15 16]
 [15 13 11 10  3  1  9  4 16  8  2 14  6 12  7  5]
 [ 9 12 14  7 10 11 15 16 13  5  6  1  2  3  4  8]
 [16  5  6  8  2 12 13 14  7 15  3  4  1 11  9 10]
 [ 3 15  7 11 16 14  5 10  4 12  1  2  9  6  8 13]
 [ 8 10  1  6  4  3  2  9 11 13  5  7 14 16 12 15]
 [ 5 14  9 13 15  7 12 11  8  3 16  6  4  1 10  2]
 [12  4  2 16  6  8  1 13 10 14  9 15 11  7  5  3]
 [ 6  8  4  3 13 15 11 12 14  1 10  9 16  5  2  7]
 [14 11  5  1  8 16 10  2  6  7 15 13 12  9  3  4]
 [ 2  7 10 15  1  9 14  5 12 16  4  3  8 13 11  6]
 [13  9 16 12  7  4  6  3  5  2  8 11 15 10 14  1]
 [11  6 15  5 14 13  3  1  2  9  7  8 10  4 16 12]
 [10  1 13 14  9  5  8 15  3  4 12 16  7  2  6 11]
 [ 4  3 12  9 11  2 16  7 15  6 13 10  5  8  1 14]
 [ 7 16  8  2 12 10  4  6  1 11 14  5  3 15 13  9]]

[[ 1  2  3  4  5  6  7  8  9 10 11 12 13 14 15 16]
 [15 13 11 10  3  1  9  4 16  8  2 14  6 12  7  5]
 [ 9 12 14  7 16 15 11 10 13  5  6  1  2  3  4  8]
 [16  5  6  8  2 12 13 14  7 15  3  4  1 11  9 10]
 [ 3 15  7 11 10 14  5 16  4 12  1  2  9 13  8  6]
 [ 8 10  1  6  4  3  2  9 11 13  5  7 14 16 12 15]
 [ 5 14  9 13 15  7 12 11  8  3 16  6  4  1 10  2]
 [12  4  2 16  6  8  1 13 10 14  9 15 11  7  5  3]
 [ 6  8  4  3 13 11 15 12 14  1 10  9 16  5  2  7]
 [14 11  5  1  8 16 10  2  6  7 15 13 12  9  3  4]
 [ 2  7 10 15  1  9 14  5 12 16  4  3  8  6 11 13]
 [13  9 16 12  7  4  6  3  5  2  8 11 15 10 14  1]
 [11  6 15  5 14 13  3  1  2  9  7  8 10  4 16 12]
 [10  1 13 14  9  5  8 15  3  4 12 16  7  2  6 11]
 [ 4  3 12  9 11  2 16  7 15  6 13 10  5  8  1 14]
 [ 7 16  8  2 12 10  4  6  1 11 14  5  3 15 13  9]]

[[ 1  2  3  4  5  6  7  8  9 10 11 12 13 14 15 16]
 [15 13 11 10  3  1  9  4 16  8  2 14  6 12  7  5]
 [ 9 12 14  7 16 15 11 10 13  5  6  1  2  3  4  8]
 [16  5  6  8  2 12 13 14  7 15  4  3  1 11  9 10]
 [ 3 15  7 11 10 14  5 16  4 12  1  2  9 13  8  6]
 [ 8 10  1  6  4  3  2  9 11 13  5  7 14 16 12 15]
 [ 5 14  9 13 15  7 12 11  8  3 16  6  4  1 10  2]
 [12  4  2 16  6  8  1 13 10 14  9 15 11  7  5  3]
 [ 6  8  4  3 13 11 15 12 14  1 10  9 16  5  2  7]
 [14 11  5  1  8 16 10  2  6  7 15 13 12  9  3  4]
 [ 2  7 10 15  1  9 14  5 12 16  3  4  8  6 11 13]
 [13  9 16 12  7  4  6  3  5  2  8 11 15 10 14  1]
 [11  6 15  5 14 13  3  1  2  9  7  8 10  4 16 12]
 [10  1 13 14  9  5  8 15  3  4 12 16  7  2  6 11]
 [ 4  3 12  9 11  2 16  7 15  6 13 10  5  8  1 14]
 [ 7 16  8  2 12 10  4  6  1 11 14  5  3 15 13  9]]

[[ 1  2  3  4  5  6  7  8  9 10 11 12 13 14 15 16]
 [15 13 11 10  3  1  9  4 16  8  2 14  6 12  7  5]
 [ 9 12 14  7 16 15 11 10 13  5  6  1  2  3  4  8]
 [16  5  6  8  2 12 13 14  7 15  3  4  1 11  9 10]
 [ 3 15  7 11 10 14  5 16  4 12  1  2  9  6  8 13]
 [ 8 10  1  6  4  3  2  9 11 13  5  7 14 16 12 15]
 [ 5 14  9 13 15  7 12 11  8  3 16  6  4  1 10  2]
 [12  4  2 16  6  8  1 13 10 14  9 15 11  7  5  3]
 [ 6  8  4 12 13 11 15  3 14  1 10  9 16  5  2  7]
 [14 11  5  1  8 16 10  2  6  7 15 13 12  9  3  4]
 [ 2  7 10 15  1  9 14  5 12 16  4  3  8 13 11  6]
 [13  9 16  3  7  4  6 12  5  2  8 11 15 10 14  1]
 [11  6 15  5 14 13  3  1  2  9  7  8 10  4 16 12]
 [10  1 13 14  9  5  8 15  3  4 12 16  7  2  6 11]
 [ 4  3 12  9 11  2 16  7 15  6 13 10  5  8  1 14]
 [ 7 16  8  2 12 10  4  6  1 11 14  5  3 15 13  9]]

[[ 1  2  3  4  5  6  7  8  9 10 11 12 13 14 15 16]
 [15 13 11 10  3  1  9  4 16  8  2 14  6 12  7  5]
 [ 9 12 14  7 16 15 11 10 13  5  6  1  2  3  4  8]
 [16  5  6  8  2 12 13 14  7 15  3  4  1 11  9 10]
 [ 3 15  7 11 10 14  5 16  4 12  1  2  9  6  8 13]
 [ 8 10  1  6  4  3  2  9 11 13  5  7 14 16 12 15]
 [ 5 14  9 13 15  7 12 11  8  3 16  6  4  1 10  2]
 [12  4  2 16  6  8  1 13 10 14  9 15 11  7  5  3]
 [ 6  8  4  3 13 11 15 12 14  1 10  9 16  5  2  7]
 [14 11  5  1  8 16 10  2  6  7 15 13 12  9  3  4]
 [ 2  7 10 15  1  9 14  5 12 16  4  3  8 13 11  6]
 [13  9 16 12  7  4  6  3  5  2  8 11 15 10  1 14]
 [11  6 15  5 14 13  3  1  2  9  7  8 10  4 16 12]
 [10  1 13 14  9  5  8 15  3  4 12 16  7  2  6 11]
 [ 4  3 12  9 11  2 16  7 15  6 13 10  5  8 14  1]
 [ 7 16  8  2 12 10  4  6  1 11 14  5  3 15 13  9]]

[[ 1  2  3  4  5  6  7  8  9 10 11 12 13 14 15 16]
 [15 13 11 10  3  1  9  4 16  2  8 14  7 12  6  5]
 [14 12  9  7 16 11 15 10 13  5  1  6  2  3  4  8]
 [16  5  6  8  2 12 13 14  7 15  3  4  1 11  9 10]
 [ 3 15  7 11 10 14  5 16  4 12  6  2  9  1  8 13]
 [ 8 10  1  6  4  3  2  9 11  7  5 13 14 16 12 15]
 [ 9 14  5 13 15  7 12 11  8  3 16  1  4  6 10  2]
 [12  4  2 16  6  8  1 13 10 14  9 15 11  7  5  3]
 [ 6  8  4  3 13 15 11 12 14  1 10  9 16  5  2  7]
 [ 5 11 14  1  8 16 10  2  6 13 15  7 12  9  3  4]
 [ 2  7 13 15  1  9 14  5 12 16  4  3  8 10 11  6]
 [10  9 16 12  7  4  6  3  5  8  2 11 15 13 14  1]
 [11  6 15  5 14 13  3  1  2  9  7  8 10  4 16 12]
 [13  1 10 14  9  5  8 15  3  4 12 16  6  2  7 11]
 [ 4  3 12  9 11  2 16  7 15  6 13 10  5  8  1 14]
 [ 7 16  8  2 12 10  4  6  1 11 14  5  3 15 13  9]]

[[ 1  2  3  4  5  6  7  8  9 10 11 12 13 14 15 16]
 [15 13 11 10  3  1  9  4 16  2  8 14  6 12  7  5]
 [ 9 12 14  7 10 15 11 16 13  5  6  1  2  3  4  8]
 [16  5  6  8  2 12 13 14  7 15  3  4  1 11  9 10]
 [ 3 15  7 11 16 14  5 10  4 12  1  2  9  6  8 13]
 [ 8 10  1  6  4  3  2  9 11 13  5  7 14 16 12 15]
 [ 5 14  9 13 15  7 12 11  8  3 16  6  4  1 10  2]
 [12  4  2 16  6  8  1 13 10 14  9 15 11  7  5  3]
 [ 6  8  4  3 13 11 15 12 14  1 10  9 16  5  2  7]
 [14 11  5  1  8 16 10  2  6  7 15 13 12  9  3  4]
 [ 2  7 10 15  1  9 14  5 12 16  4  3  8 13 11  6]
 [13  9 16 12  7  4  6  3  5  8  2 11 15 10 14  1]
 [11  6 15  5 14 13  3  1  2  9  7  8 10  4 16 12]
 [10  1 13 14  9  5  8 15  3  4 12 16  7  2  6 11]
 [ 4  3 12  9 11  2 16  7 15  6 13 10  5  8  1 14]
 [ 7 16  8  2 12 10  4  6  1 11 14  5  3 15 13  9]]

[[ 1  2  3  4  5  6  7  8  9 10 11 12 13 14 15 16]
 [15 13 11 10  3  1  9  4  8  2 16 14  6 12  7  5]
 [ 9 12 14  7 10 15 11 16 13  5  6  1  2  3  4  8]
 [16  5  6  8  2 12 13 14  7 15  3  4  1 11  9 10]
 [ 3 15  7 11 16 14  5 10  4 12  1  2  9  6  8 13]
 [ 8 10  1  6  4  3  2  9 11 13  5  7 14 16 12 15]
 [ 5 14  9 13 15  7 12 11 16  3  8  6  4  1 10  2]
 [12  4  2 16  6  8  1 13 10 14  9 15 11  7  5  3]
 [ 6  8  4  3 13 11 15 12 14  1 10  9 16  5  2  7]
 [14 11  5  1  8 16 10  2  6  7 15 13 12  9  3  4]
 [ 2  7 10 15  1  9 14  5 12 16  4  3  8 13 11  6]
 [13  9 16 12  7  4  6  3  5  8  2 11 15 10 14  1]
 [11  6 15  5 14 13  3  1  2  9  7  8 10  4 16 12]
 [10  1 13 14  9  5  8 15  3  4 12 16  7  2  6 11]
 [ 4  3 12  9 11  2 16  7 15  6 13 10  5  8  1 14]
 [ 7 16  8  2 12 10  4  6  1 11 14  5  3 15 13  9]]

[[ 1  2  3  4  5  6  7  8  9 10 11 12 13 14 15 16]
 [15 13 11 10  3  1  9  4 16  2  8 14  6 12  7  5]
 [ 9 12 14  7 10 15 11 16 13  5  6  1  2  3  4  8]
 [16  5  6  8  2 12 13 14  7 15  3  4  1 11  9 10]
 [ 3 15  7 11 16 14  5 10  4 12  1  2  9  6  8 13]
 [ 8 10  1  6  4  3  2  9 11 13  5  7 14 16 12 15]
 [ 5 14  9 13 15  7 12 11  8  3 16  6  4  1 10  2]
 [12  4  2 16  6  8  1 13 15 14  9 10 11  7  5  3]
 [ 6  8  4  3 13 11 15 12 14  1 10  9 16  5  2  7]
 [14 11  5  1  8 16 10  2  6  7 15 13 12  9  3  4]
 [ 2  7 13 15  1  9 14  5 12 16  4  3  8 10 11  6]
 [10  9 16 12  7  4  6  3  5  8  2 11 15 13 14  1]
 [11  6 15  5 14 13  3  1  2  9  7  8 10  4 16 12]
 [13  1 10 14  9  5  8 15  3  4 12 16  7  2  6 11]
 [ 4  3 12  9 11  2 16  7 10  6 13 15  5  8  1 14]
 [ 7 16  8  2 12 10  4  6  1 11 14  5  3 15 13  9]]

[[ 1  2  3  4  5  6  7  8  9 10 11 12 13 14 15 16]
 [15 13 11 10  3  1  9  4 16  8  2 14  6 12  7  5]
 [ 9 12 14  7 16 15 11 10 13  5  6  1  2  3  4  8]
 [16  5  6  8  2 12 13 14  7 15  3  4  1 11  9 10]
 [ 3 15  7 11 10 14  5 16  4 12  1  2  9 13  8  6]
 [ 8 10  1  6  4  3  2  9 11 13  5  7 14 16 12 15]
 [ 5 14  9 13 15  7 12 11  8  3 16  6  4  1 10  2]
 [12  4  2 16  6  8  1 13 10 14  9 15 11  7  5  3]
 [ 6  8  4  3 13 11 15 12 14  1 10  9 16  5  2  7]
 [14 11  5  1  8 16 10  2  6  7 15 13 12  9  3  4]
 [ 2  7 10 15  1  9 14  5 12 16  4  3  8  6 11 13]
 [13  9 16 12  7  4  6  3  5  2  8 11 15 10  1 14]
 [11  6 15  5 14 13  3  1  2  9  7  8 10  4 16 12]
 [10  1 13 14  9  5  8 15  3  4 12 16  7  2  6 11]
 [ 4  3 12  9 11  2 16  7 15  6 13 10  5  8 14  1]
 [ 7 16  8  2 12 10  4  6  1 11 14  5  3 15 13  9]]

[[ 1  2  3  4  5  6  7  8  9 10 11 12 13 14 15 16]
 [15 13 11 10  3  1  9  4  8  2 16 14  6 12  7  5]
 [ 9 12 14  7 10 11 15 16 13  5  6  1  2  3  4  8]
 [16  5  6  8  2 12 13 14  7 15  3  4  1 11  9 10]
 [ 3 15  7 11 16 14  5 10  4 12  1  2  9  6  8 13]
 [ 8 10  1  6  4  3  2  9 11 13  5  7 14 16 12 15]
 [ 5 14  9 13 15  7 12 11 16  3  8  6  4  1 10  2]
 [12  4  2 16  6  8  1 13 10 14  9 15 11  7  5  3]
 [ 6  8  4  3 13 15 11 12 14  1 10  9 16  5  2  7]
 [14 11  5  1  8 16 10  2  6  7 15 13 12  9  3  4]
 [ 2  7 10 15  1  9 14  5 12 16  4  3  8 13 11  6]
 [13  9 16 12  7  4  6  3  5  8  2 11 15 10 14  1]
 [11  6 15  5 14 13  3  1  2  9  7  8 10  4 16 12]
 [10  1 13 14  9  5  8 15  3  4 12 16  7  2  6 11]
 [ 4  3 12  9 11  2 16  7 15  6 13 10  5  8  1 14]
 [ 7 16  8  2 12 10  4  6  1 11 14  5  3 15 13  9]]

[[ 1  2  3  4  5  6  7  8  9 10 11 12 13 14 15 16]
 [11 13 15 10  3  1  9  4 16  8  2 14  6 12  7  5]
 [ 9 12 14  7 16 15 11 10 13  5  6  1  2  3  4  8]
 [16  5  6  8  2 12 13 14  7 15  3  4  1 11  9 10]
 [ 3 15  7 11 10 14  5 16  4 12  1  2  9  6  8 13]
 [ 8 10  1  6  4  3  2  9 11 13  5  7 14 16 12 15]
 [ 5 14  9 13 15  7 12 11  8  3 16  6  4  1 10  2]
 [12  4  2 16  6  8  1 13 10 14  9 15 11  7  5  3]
 [ 6  8  4  3 13 11 15 12 14  1 10  9 16  5  2  7]
 [14 11  5  1  8 16 10  2  6  7 15 13 12  9  3  4]
 [ 2  7 10 15  1  9 14  5 12 16  4  3  8 13 11  6]
 [13  9 16 12  7  4  6  3  5  2  8 11 15 10  1 14]
 [15  6 11  5 14 13  3  1  2  9  7  8 10  4 16 12]
 [10  1 13 14  9  5  8 15  3  4 12 16  7  2  6 11]
 [ 4  3 12  9 11  2 16  7 15  6 13 10  5  8 14  1]
 [ 7 16  8  2 12 10  4  6  1 11 14  5  3 15 13  9]]

[[ 1  2  3  4  5  6  7  8  9 10 11 12 13 14 15 16]
 [15 13 11 10  3  1  9  4 16  8  2 14  6 12  7  5]
 [ 9 12 14  7 16 11 15 10 13  5  6  1  2  3  4  8]
 [16  5  6  8  2 12 13 14  7 15  3  4  1 11  9 10]
 [ 3 15  7 11 10 14  5 16  4 12  1  2  9 13  8  6]
 [ 8 10  1  6  4  3  2  9 11 13  5  7 14 16 12 15]
 [ 5 14  9 13 15  7 12 11  8  3 16  6  4  1 10  2]
 [12  4  2 16  6  8  1 13 10 14  9 15 11  7  5  3]
 [ 6  8  4  3 13 15 11 12 14  1 10  9 16  5  2  7]
 [14 11  5  1  8 16 10  2  6  7 15 13 12  9  3  4]
 [ 2  7 10 15  1  9 14  5 12 16  4  3  8  6 11 13]
 [13  9 16 12  7  4  6  3  5  2  8 11 15 10  1 14]
 [11  6 15  5 14 13  3  1  2  9  7  8 10  4 16 12]
 [10  1 13 14  9  5  8 15  3  4 12 16  7  2  6 11]
 [ 4  3 12  9 11  2 16  7 15  6 13 10  5  8 14  1]
 [ 7 16  8  2 12 10  4  6  1 11 14  5  3 15 13  9]]

[[ 1  2  3  4  5  6  7  8  9 10 11 12 13 14 15 16]
 [15 13 11 10  3  1  9  4  8  2 16 14  6 12  7  5]
 [ 9 12 14  7 10 11 15 16 13  5  6  1  2  3  4  8]
 [16  5  6  8  2 12 13 14  7 15  3  4  1 11  9 10]
 [ 3 15  7 11 16 14  5 10  4 12  1  2  9  6  8 13]
 [ 8 10  1  6  4  3  2  9 11 13  5  7 14 16 12 15]
 [ 5 14  9 13 15  7 12 11 16  3  8  6  4  1 10  2]
 [12  4  2 16  6  8  1 13 10 14  9 15 11  7  5  3]
 [ 6  8  4  3 13 15 11 12 14  1 10  9 16  5  2  7]
 [14 11  5  1  8 16 10  2  6  7 15 13 12  9  3  4]
 [ 2  7 10 15  1  9 14  5 12 16  4  3  8 13 11  6]
 [13  9 16 12  7  4  6  3  5  8  2 11 15 10  1 14]
 [11  6 15  5 14 13  3  1  2  9  7  8 10  4 16 12]
 [10  1 13 14  9  5  8 15  3  4 12 16  7  2  6 11]
 [ 4  3 12  9 11  2 16  7 15  6 13 10  5  8 14  1]
 [ 7 16  8  2 12 10  4  6  1 11 14  5  3 15 13  9]]

[[ 1  2  3  4  5  6  7  8  9 10 11 12 13 14 15 16]
 [15 13 11 10  3  1  9  4 16  2  8 14  6 12  7  5]
 [ 9 12 14  7 10 15 11 16 13  5  6  1  2  3  4  8]
 [16  5  6  8  2 12 13 14  7 15  3  4  1 11  9 10]
 [ 3 15  7 11 16 14  5 10  4 12  1  2  9  6  8 13]
 [ 8 10  1  6  4  3  2  9 11 13  5  7 14 16 12 15]
 [ 5 14  9 13 15  7 12 11  8  3 16  6  4  1 10  2]
 [12  4  2 16  6  8  1 13 10 14  9 15 11  7  5  3]
 [ 6  8  4  3 13 11 15 12 14  1 10  9 16  5  2  7]
 [14 11  5  1  8 16 10  2  6  7 15 13 12  9  3  4]
 [ 2  7 10 15  1  9 14  5 12 16  4  3  8 13 11  6]
 [13  9 16 12  7  4  6  3  5  8  2 11 15 10  1 14]
 [11  6 15  5 14 13  3  1  2  9  7  8 10  4 16 12]
 [10  1 13 14  9  5  8 15  3  4 12 16  7  2  6 11]
 [ 4  3 12  9 11  2 16  7 15  6 13 10  5  8 14  1]
 [ 7 16  8  2 12 10  4  6  1 11 14  5  3 15 13  9]]

[[ 1  2  3  4  5  6  7  8  9 10 11 12 13 14 15 16]
 [11 13 10 15  3  1  9  4 16  8  2 14  6 12  7  5]
 [ 9 12 14  7 16 15 11 10 13  5  6  1  2  3  4  8]
 [16  5  6  8  2 12 13 14  7 15  3  4  1 11  9 10]
 [ 3 15  7 11 10 14  5 16  4 12  1  2  9  6  8 13]
 [ 8 10  1  6  4  3  2  9 11 13  5  7 14 16 12 15]
 [ 5 14  9 13 15  7 12 11  8  3 16  6  4  1 10  2]
 [12  4  2 16  6  8  1 13 10 14  9 15 11  7  5  3]
 [ 6  8  4  3 13 11 15 12 14  1 10  9 16  5  2  7]
 [14 11  5  1  8 16 10  2  6  7 15 13 12  9  3  4]
 [ 2  7 15 10  1  9 14  5 12 16  4  3  8 13 11  6]
 [13  9 16 12  7  4  6  3  5  2  8 11 15 10  1 14]
 [15  6 11  5 14 13  3  1  2  9  7  8 10  4 16 12]
 [10  1 13 14  9  5  8 15  3  4 12 16  7  2  6 11]
 [ 4  3 12  9 11  2 16  7 15  6 13 10  5  8 14  1]
 [ 7 16  8  2 12 10  4  6  1 11 14  5  3 15 13  9]]

[[ 1  2  3  4  5  6  7  8  9 10 11 12 13 14 15 16]
 [15 13 11 10  3  1  9  4  8  2 16 14 12  6  7  5]
 [ 9 12 14  7 10 11 15 16 13  5  6  1  2  3  4  8]
 [16  5  6  8  2 12 13 14  7 15  3  4  1 11  9 10]
 [ 3 15  7 11 16 14  5 10  4 12  1  2  6  9  8 13]
 [ 8 10  1  6  4  3  2  9 11 13  5  7 14 16 12 15]
 [ 5 14  9 13 15  7 12 11 16  3  8  6  4  1 10  2]
 [12  4  2 16  6  8  1 13 10 14  9 15 11  7  5  3]
 [ 6  8  4  3 13 15 11 12 14  1 10  9 16  5  2  7]
 [14 11  5  1  8 16 10  2  6  7 15 13  9 12  3  4]
 [ 2  7 10 15  1  9 14  5 12 16  4  3  8 13 11  6]
 [13  9 16 12  7  4  6  3  5  8  2 11 15 10  1 14]
 [11  6 15  5 14 13  3  1  2  9  7  8 10  4 16 12]
 [10  1 13 14  9  5  8 15  3  4 12 16  7  2  6 11]
 [ 4  3 12  9 11  2 16  7 15  6 13 10  5  8 14  1]
 [ 7 16  8  2 12 10  4  6  1 11 14  5  3 15 13  9]]

[[ 1  2  3  4  5  6  7  8  9 10 11 12 13 14 15 16]
 [15 13 11 10  3  1  9  4 16  8  2 14  6 12  7  5]
 [ 9 12 14  7 11 15 16 10 13  5  6  1  2  3  4  8]
 [16  5  6  8  2 12 13 14  7 15  3  4  1 11  9 10]
 [ 3 15  7 11 10 14  5 16  4 12  1  2  9  6  8 13]
 [ 8 10  1  6  4  3  2  9 11 13  5  7 14 16 12 15]
 [ 5 14  9 13 15  7 12 11  8  3 16  6  4  1 10  2]
 [12  4  2 16  6  8  1 13 10 14  9 15 11  7  5  3]
 [ 6  8  4  3 13 11 15 12 14  1 10  9 16  5  2  7]
 [14 11  5  1  8 16 10  2  6  7 15 13 12  9  3  4]
 [ 2  7 10 15  1  9 14  5 12 16  4  3  8 13 11  6]
 [13  9 16 12  7  4  6  3  5  2  8 11 15 10  1 14]
 [11  6 15  5 14 13  3  1  2  9  7  8 10  4 16 12]
 [10  1 13 14  9  5  8 15  3  4 12 16  7  2  6 11]
 [ 4  3 12  9 16  2 11  7 15  6 13 10  5  8 14  1]
 [ 7 16  8  2 12 10  4  6  1 11 14  5  3 15 13  9]]

[[ 1  2  3  4  5  6  7  8  9 10 11 12 13 14 15 16]
 [15 13 11 10  4  1  9  3 16  2  8 14  6 12  7  5]
 [ 9 12 14  7 10 15 11 16 13  5  6  1  2  3  4  8]
 [16  5  6  8  2 12 13 14  7 15  3  4  1 11  9 10]
 [ 3 15  7 11 16 14  5 10  4 12  1  2  9  6  8 13]
 [ 8 10  1  6  3  4  2  9 11 13  5  7 14 16 12 15]
 [ 5 14  9 13 15  7 12 11  8  3 16  6  4  1 10  2]
 [12  4  2 16  6  8  1 13 10 14  9 15 11  7  5  3]
 [ 6  8  4  3 13 11 15 12 14  1 10  9 16  5  2  7]
 [14 11  5  1  8 16 10  2  6  7 15 13 12  9  3  4]
 [ 2  7 10 15  1  9 14  5 12 16  4  3  8 13 11  6]
 [13  9 16 12  7  3  6  4  5  8  2 11 15 10  1 14]
 [11  6 15  5 14 13  3  1  2  9  7  8 10  4 16 12]
 [10  1 13 14  9  5  8 15  3  4 12 16  7  2  6 11]
 [ 4  3 12  9 11  2 16  7 15  6 13 10  5  8 14  1]
 [ 7 16  8  2 12 10  4  6  1 11 14  5  3 15 13  9]]

[[ 1  2  3  4  5  6  7  8  9 10 11 12 13 14 15 16]
 [15 13 11 10  3  1  9  4 16  8  2 14  6 12  7  5]
 [ 9 12 14  7 16 15 11 10 13  5  6  1  2  3  4  8]
 [16  5  6  8  2 12 13 14  7 15  3  4  1 11  9 10]
 [ 3 15  7 11 10 14  5 16  4 12  1  2  9  6  8 13]
 [ 8 10  1  6  4  3  2  9 11 13  5  7 14 16 12 15]
 [ 5 14  9 13 15  7 12 11  8  3 16  6  4  1 10  2]
 [12  4  2 16  6  8  1 13 10 14  9 15 11  7  5  3]
 [ 6  8  4  3 13 11 15 12 14  1 10  9 16  5  2  7]
 [14 11  5  1  8 16 10  2  6  7 15 13 12  9  3  4]
 [ 2  7 10 15  1  9 14  5 12 16  4  3  8 13  6 11]
 [13  9 16 12  7  4  6  3  5  2  8 11 15 10 14  1]
 [11  6 15  5 14 13  3  1  2  9  7  8 10  4 16 12]
 [10  1 13 14  9  5  8 15  3  4 12 16  7  2 11  6]
 [ 4  3 12  9 11  2 16  7 15  6 13 10  5  8  1 14]
 [ 7 16  8  2 12 10  4  6  1 11 14  5  3 15 13  9]]

[[ 1  2  3  4  5  6  7  8  9 10 11 12 13 14 15 16]
 [15 13 11 10  3  1  9  4 16  8  2 14  6 12  7  5]
 [ 9 12 14  7 16 15 11 10 13  5  6  1  2  3  4  8]
 [16  5  6  8  2 12 13 14  7 15  3  4  1 11  9 10]
 [ 3 15  7 11 10 14  5 16  4 12  1  2  9  6  8 13]
 [ 8 10  1  6  4  3  2  9 11 13  5  7 14 16 12 15]
 [ 5 14  9 13 15  7 12 11  8  3 16  6  4  1 10  2]
 [12  4  2 16  6  8  1 13 10 14  9 15 11  7  5  3]
 [ 6  8  4  3 13 11 15 12 14  1 10  9 16  5  2  7]
 [14 11  5  1  8 16 10  2  6  7 15 13 12  9  3  4]
 [ 2  7 10 15  1  9 14  5 12 16  4  3  8 13  6 11]
 [13  9 16 12  7  4  6  3  5  2  8 11 15 10  1 14]
 [11  6 15  5 14 13  3  1  2  9  7  8 10  4 16 12]
 [10  1 13 14  9  5  8 15  3  4 12 16  7  2 11  6]
 [ 4  3 12  9 11  2 16  7 15  6 13 10  5  8 14  1]
 [ 7 16  8  2 12 10  4  6  1 11 14  5  3 15 13  9]]

[[ 1  2  3  4  5  6  7  8  9 10 11 12 13 14 15 16]
 [15 13 11 10  4  1  9  3 16  2  8 14  6 12  7  5]
 [ 9 12 14  7 16 15 11 10 13  5  6  1  2  3  4  8]
 [16  5  6  8  2 12 13 14  7 15  3  4  1 11  9 10]
 [ 3 15  7 11 10 14  5 16  4 12  1  2  9  6  8 13]
 [ 8 10  1  6  3  4  2  9 11 13  5  7 14 16 12 15]
 [ 5 14  9 13 15  7 12 11  8  3 16  6  4  1 10  2]
 [12  4  2 16  6  8  1 13 10 14  9 15 11  7  5  3]
 [ 6  8  4  3 13 11 15 12 14  1 10  9 16  5  2  7]
 [14 11  5  1  8 16 10  2  6  7 15 13 12  9  3  4]
 [ 2  7 10 15  1  9 14  5 12 16  4  3  8 13 11  6]
 [13  9 16 12  7  3  6  4  5  8  2 11 15 10  1 14]
 [11  6 15  5 14 13  3  1  2  9  7  8 10  4 16 12]
 [10  1 13 14  9  5  8 15  3  4 12 16  7  2  6 11]
 [ 4  3 12  9 11  2 16  7 15  6 13 10  5  8 14  1]
 [ 7 16  8  2 12 10  4  6  1 11 14  5  3 15 13  9]]

[[ 1  2  3  4  5  6  7  8  9 10 11 12 13 14 15 16]
 [15 13 11 10  3  1  9  4  8  2 16 14 12  6  7  5]
 [ 9 12 14  7 10 11 15 16 13  5  6  1  2  3  4  8]
 [16  5  6  8  2 12 13 14  7 15  3  4  1 11  9 10]
 [ 3 15  7 11 16 14  5 10  4 12  1  2  6  9  8 13]
 [ 8 10  1  6  4  3  2  9 11 13  5  7 14 16 12 15]
 [ 5 14  9 13 15  7 12 11 16  3  8  6  4  1 10  2]
 [12  4  2 16  6  8  1 13 10 14  9 15 11  7  5  3]
 [14  8  4  3 13 15 11 12  6  1 10  9 16  5  2  7]
 [ 6 11  5  1  8 16 10  2 14  7 15 13  9 12  3  4]
 [ 2  7 10 15  1  9 14  5 12 16  4  3  8 13 11  6]
 [13  9 16 12  7  4  6  3  5  8  2 11 15 10  1 14]
 [11  6 15  5 14 13  3  1  2  9  7  8 10  4 16 12]
 [10  1 13 14  9  5  8 15  3  4 12 16  7  2  6 11]
 [ 4  3 12  9 11  2 16  7 15  6 13 10  5  8 14  1]
 [ 7 16  8  2 12 10  4  6  1 11 14  5  3 15 13  9]]

[[ 1  2  3  4  5  6  7  8  9 10 11 12 13 14 15 16]
 [11 13 15 10  4  1  9  3 16  2  8 14  6 12  7  5]
 [ 9 12 14  7 10 15 11 16 13  5  6  1  2  3  4  8]
 [16  5  6  8  2 12 13 14  7 15  3  4  1 11  9 10]
 [ 3 15  7 11 16 14  5 10  4 12  1  2  9  6  8 13]
 [ 8 10  1  6  3  4  2  9 11 13  5  7 14 16 12 15]
 [ 5 14  9 13 15  7 12 11  8  3 16  6  4  1 10  2]
 [12  4  2 16  6  8  1 13 10 14  9 15 11  7  5  3]
 [ 6  8  4  3 13 11 15 12 14  1 10  9 16  5  2  7]
 [14 11  5  1  8 16 10  2  6  7 15 13 12  9  3  4]
 [ 2  7 10 15  1  9 14  5 12 16  4  3  8 13 11  6]
 [13  9 16 12  7  3  6  4  5  8  2 11 15 10  1 14]
 [15  6 11  5 14 13  3  1  2  9  7  8 10  4 16 12]
 [10  1 13 14  9  5  8 15  3  4 12 16  7  2  6 11]
 [ 4  3 12  9 11  2 16  7 15  6 13 10  5  8 14  1]
 [ 7 16  8  2 12 10  4  6  1 11 14  5  3 15 13  9]]

[[ 1  2  3  4  5  6  7  8  9 10 11 12 13 14 15 16]
 [15 13 11 10  3  1  9  4 16  8  2 14  6 12  7  5]
 [ 9 12 14  7 16 15 11 10 13  5  6  1  2  3  4  8]
 [16  5  6  8  2 12 13 14  7 15  3  4  1 11  9 10]
 [ 3 15  7 11 10 14  5 16  4 12  1  2  9 13  8  6]
 [ 8 10  1  6  4  3  2  9 11 13  5  7 14 16 12 15]
 [ 5 14  9 13 15  7 12 11  8  3 16  6  4  1 10  2]
 [12  4  2 16  6  8  1 13 10 14  9 15 11  7  5  3]
 [ 6  8  4 12 13 11 15  3 14  1 10  9 16  5  2  7]
 [14 11  5  1  8 16 10  2  6  7 15 13 12  9  3  4]
 [ 2  7 10 15  1  9 14  5 12 16  4  3  8  6 11 13]
 [13  9 16  3  7  4  6 12  5  2  8 11 15 10  1 14]
 [11  6 15  5 14 13  3  1  2  9  7  8 10  4 16 12]
 [10  1 13 14  9  5  8 15  3  4 12 16  7  2  6 11]
 [ 4  3 12  9 11  2 16  7 15  6 13 10  5  8 14  1]
 [ 7 16  8  2 12 10  4  6  1 11 14  5  3 15 13  9]]

[[ 1  2  3  4  5  6  7  8  9 10 11 12 13 14 15 16]
 [15 13 11 10  3  1  9  4 16  8  2 14  6 12  7  5]
 [ 9 12 14  7 16 15 11 10 13  5  6  1  2  3  4  8]
 [16  5  6  8  2 12 13 14  7 15  4  3  1 11  9 10]
 [ 3 15  7 11 10 14  5 16  4 12  1  2  9  6  8 13]
 [ 8 10  1  6  4  3  2  9 11 13  5  7 14 16 12 15]
 [ 5 14  9 13 15  7 12 11  8  3 16  6  4  1 10  2]
 [12  4  2 16  6  8  1 13 10 14  9 15 11  7  5  3]
 [ 6  8  4  3 13 11 15 12 14  1 10  9 16  5  2  7]
 [14 11  5  1  8 16 10  2  6  7 15 13 12  9  3  4]
 [ 2  7 10 15  1  9 14  5 12 16  3  4  8 13 11  6]
 [13  9 16 12  7  4  6  3  5  2  8 11 15 10  1 14]
 [11  6 15  5 14 13  3  1  2  9  7  8 10  4 16 12]
 [10  1 13 14  9  5  8 15  3  4 12 16  7  2  6 11]
 [ 4  3 12  9 11  2 16  7 15  6 13 10  5  8 14  1]
 [ 7 16  8  2 12 10  4  6  1 11 14  5  3 15 13  9]]

[[ 1  2  3  4  5  6  7  8  9 10 11 12 13 14 15 16]
 [11 13 15 10  4  1  9  3 16  2  8 14  6 12  7  5]
 [ 9 12 14  7 10 15 11 16 13  5  6  1  2  3  4  8]
 [16  5  6  8  2 12 13 14  7 15  3  4  1 11  9 10]
 [ 3 15  7 11 16 14  5 10  4 12  1  2  9  6  8 13]
 [ 8 10  1  6  3  4  2  9 11 13  5  7 14 16 12 15]
 [ 5 14  9 13 15  7 12 11  8  3 16  6  4 10  1  2]
 [12  4  2 16  6  8  1 13 10 14  9 15 11  7  5  3]
 [ 6  8  4  3 13 11 15 12 14  1 10  9 16  5  2  7]
 [14 11  5  1  8 16 10  2  6  7 15 13 12  9  3  4]
 [ 2  7 10 15  1  9 14  5 12 16  4  3  8 13 11  6]
 [13  9 16 12  7  3  6  4  5  8  2 11 15  1 10 14]
 [15  6 11  5 14 13  3  1  2  9  7  8 10  4 16 12]
 [10  1 13 14  9  5  8 15  3  4 12 16  7  2  6 11]
 [ 4  3 12  9 11  2 16  7 15  6 13 10  5  8 14  1]
 [ 7 16  8  2 12 10  4  6  1 11 14  5  3 15 13  9]]

[[ 1  2  3  4  5  6  7  8  9 10 11 12 13 14 15 16]
 [15 13 11 10  4  1  9  3 16  2  8 14  6 12  7  5]
 [ 9 12 14  7 16 15 11 10 13  5  6  1  2  3  4  8]
 [16  5  6  8  2 12 13 14  7 15  3  4  1 11  9 10]
 [ 3 15  7 11 10 14  5 16  4 12  1  2  9  6  8 13]
 [ 8 10  1  6  3  4  2  9 11 13  5  7 14 16 12 15]
 [ 5 14  9 13 15  7 12 11  8  3 16  6  4  1 10  2]
 [12  4  2 16  6  8  1 13 10 14  9 15 11  7  5  3]
 [ 6  8  4  3 13 11 15 12 14  1 10  9 16  5  2  7]
 [14 11  5  1  8 16 10  2  6  7 15 13 12  9  3  4]
 [ 2  7 10 15  1  9 14  5 12 16  4  3  8 13 11  6]
 [13  9 16 12  7  3  6  4  5  8  2 11 15 10 14  1]
 [11  6 15  5 14 13  3  1  2  9  7  8 10  4 16 12]
 [10  1 13 14  9  5  8 15  3  4 12 16  7  2  6 11]
 [ 4  3 12  9 11  2 16  7 15  6 13 10  5  8  1 14]
 [ 7 16  8  2 12 10  4  6  1 11 14  5  3 15 13  9]]

[[ 1  2  3  4  5  6  7  8  9 10 11 12 13 14 15 16]
 [15 13 11 10  3  1  9  4  8  2 16 14 12  6  7  5]
 [ 9 12 14  7 10 11 15 16 13  5  6  1  2  3  4  8]
 [16  5  6  8  2 12 13 14  7 15  3  4  1 11  9 10]
 [ 3 15  7 11 16 14  5 10  4 12  1  2  6  9  8 13]
 [ 8 10  1  6  4  3  2  9 11 13  5  7 14 16 12 15]
 [ 5 14  9 13 15  7 12 11 16  3  8  6  4 10  1  2]
 [12  4  2 16  6  8  1 13 10 14  9 15 11  7  5  3]
 [14  8  4  3 13 15 11 12  6  1 10  9 16  5  2  7]
 [ 6 11  5  1  8 16 10  2 14  7 15 13  9 12  3  4]
 [ 2  7 10 15  1  9 14  5 12 16  4  3  8 13 11  6]
 [13  9 16 12  7  4  6  3  5  8  2 11 15  1 10 14]
 [11  6 15  5 14 13  3  1  2  9  7  8 10  4 16 12]
 [10  1 13 14  9  5  8 15  3  4 12 16  7  2  6 11]
 [ 4  3 12  9 11  2 16  7 15  6 13 10  5  8 14  1]
 [ 7 16  8  2 12 10  4  6  1 11 14  5  3 15 13  9]]

[[ 1  2  3  4  5  6  7  8  9 10 11 12 13 14 15 16]
 [15 13 11 10  4  1  9  3 16  2  8 14  6 12  7  5]
 [ 9 12 14  7 11 15 16 10 13  5  6  1  2  3  4  8]
 [16  5  6  8  2 12 13 14  7 15  3  4  1 11  9 10]
 [ 3 15  7 11 10 14  5 16  4 12  1  2  9  6  8 13]
 [ 8 10  1  6  3  4  2  9 11 13  5  7 14 16 12 15]
 [ 5 14  9 13 15  7 12 11  8  3 16  6  4  1 10  2]
 [12  4  2 16  6  8  1 13 10 14  9 15 11  7  5  3]
 [ 6  8  4  3 13 11 15 12 14  1 10  9 16  5  2  7]
 [14 11  5  1  8 16 10  2  6  7 15 13 12  9  3  4]
 [ 2  7 10 15  1  9 14  5 12 16  4  3  8 13 11  6]
 [13  9 16 12  7  3  6  4  5  8  2 11 15 10 14  1]
 [11  6 15  5 14 13  3  1  2  9  7  8 10  4 16 12]
 [10  1 13 14  9  5  8 15  3  4 12 16  7  2  6 11]
 [ 4  3 12  9 16  2 11  7 15  6 13 10  5  8  1 14]
 [ 7 16  8  2 12 10  4  6  1 11 14  5  3 15 13  9]]

[[ 1  2  3  4  5  6  7  8  9 10 11 12 13 14 15 16]
 [15 13 11 10  4  1  9  3  8  2 16 14  6 12  7  5]
 [ 9 12 14  7 16 15 11 10 13  5  6  1  2  3  4  8]
 [16  5  6  8  2 12 13 14  7 15  3  4  1 11  9 10]
 [ 3 15  7 11 10 14  5 16  4 12  1  2  9  6  8 13]
 [ 8 10  1  6  3  4  2  9 11 13  5  7 14 16 12 15]
 [ 5 14  9 13 15  7 12 11 16  3  8  6  4  1 10  2]
 [12  4  2 16  6  8  1 13 10 14  9 15 11  7  5  3]
 [ 6  8  4  3 13 11 15 12 14  1 10  9 16  5  2  7]
 [14 11  5  1  8 16 10  2  6  7 15 13 12  9  3  4]
 [ 2  7 10 15  1  9 14  5 12 16  4  3  8 13 11  6]
 [13  9 16 12  7  3  6  4  5  8  2 11 15 10  1 14]
 [11  6 15  5 14 13  3  1  2  9  7  8 10  4 16 12]
 [10  1 13 14  9  5  8 15  3  4 12 16  7  2  6 11]
 [ 4  3 12  9 11  2 16  7 15  6 13 10  5  8 14  1]
 [ 7 16  8  2 12 10  4  6  1 11 14  5  3 15 13  9]]

[[ 1  2  3  4  5  6  7  8  9 10 11 12 13 14 15 16]
 [15 13 11 10  3  1  9  4 16  8  2 14  6 12  7  5]
 [ 9 12 14  7 16 15 11 10 13  5  6  1  2  3  4  8]
 [16  5  6  8  2 12 13 14  7 15  4  3  1 11  9 10]
 [ 3 15  7 11 10 14  5 16  4 12  1  2  9 13  8  6]
 [ 8 10  1  6  4  3  2  9 11 13  5  7 14 16 12 15]
 [ 5 14  9 13 15  7 12 11  8  3 16  6  4  1 10  2]
 [12  4  2 16  6  8  1 13 10 14  9 15 11  7  5  3]
 [ 6  8  4  3 13 11 15 12 14  1 10  9 16  5  2  7]
 [14 11  5  1  8 16 10  2  6  7 15 13 12  9  3  4]
 [ 2  7 10 15  1  9 14  5 12 16  3  4  8  6 11 13]
 [13  9 16 12  7  4  6  3  5  2  8 11 15 10  1 14]
 [11  6 15  5 14 13  3  1  2  9  7  8 10  4 16 12]
 [10  1 13 14  9  5  8 15  3  4 12 16  7  2  6 11]
 [ 4  3 12  9 11  2 16  7 15  6 13 10  5  8 14  1]
 [ 7 16  8  2 12 10  4  6  1 11 14  5  3 15 13  9]]

[[ 1  2  3  4  5  6  7  8  9 10 11 12 13 14 15 16]
 [15 13 11 10  3  1  9  4  8  2 16 14 12  6  7  5]
 [ 9 12 14  7 10 11 15 16 13  5  6  1  2  3  4  8]
 [16  5  6  8  2 12 13 14  7 15  3  4  1 11  9 10]
 [ 3 15  7 11 16 14  5 10  4 12  1  2  6  9  8 13]
 [ 8 10  1  6  4  3  2  9 11 13  5  7 14 16 12 15]
 [ 5 14  9 13 15  7 12 11 16  3  8  6  4 10  1  2]
 [12  4  2 16  6  8  1 13 10 14  9 15 11  7  5  3]
 [ 6  8  4  3 13 15 11 12 14  1 10  9 16  5  2  7]
 [14 11  5  1  8 16 10  2  6  7 15 13  9 12  3  4]
 [ 2  7 10 15  1  9 14  5 12 16  4  3  8 13 11  6]
 [13  9 16 12  7  4  6  3  5  8  2 11 15  1 10 14]
 [11  6 15  5 14 13  3  1  2  9  7  8 10  4 16 12]
 [10  1 13 14  9  5  8 15  3  4 12 16  7  2  6 11]
 [ 4  3 12  9 11  2 16  7 15  6 13 10  5  8 14  1]
 [ 7 16  8  2 12 10  4  6  1 11 14  5  3 15 13  9]]

[[ 1  2  3  4  5  6  7  8  9 10 11 12 13 14 15 16]
 [15 13 11 10  3  1  9  4  8  2 16 14 12  6  7  5]
 [ 9 12 14  7 10 11 15 16 13  5  6  1  2  3  4  8]
 [16  5  6  8  2 12 13 14  7 15  3  4  1 11  9 10]
 [ 3 15  7 11 16 14  5 10  4 12  1  2  6  9  8 13]
 [ 8 10  1  6  4  3  2  9 11 13  5  7 14 16 12 15]
 [ 5 14  9 13 15  7 12 11 16  3  8  6  4 10  1  2]
 [12  4  2 16  6  8  1 13 10 14  9 15 11  7  5  3]
 [14  8  4  3 13 15 11 12  6  1 10  9 16  5  2  7]
 [ 6 11  5  1  8 16 10  2 14  7 15 13  9 12  3  4]
 [ 2  7 10 15  1  9  6  5 12 16  4  3  8 13 11 14]
 [13  9 16 12  7  4 14  3  5  8  2 11 15  1 10  6]
 [11  6 15  5 14 13  3  1  2  9  7  8 10  4 16 12]
 [10  1 13 14  9  5  8 15  3  4 12 16  7  2  6 11]
 [ 4  3 12  9 11  2 16  7 15  6 13 10  5  8 14  1]
 [ 7 16  8  2 12 10  4  6  1 11 14  5  3 15 13  9]]

[[ 1  2  3  4  5  6  7  8  9 10 11 12 13 14 15 16]
 [15 13 11 10  4  1  9  3 16  2  8 14  6 12  7  5]
 [ 9 12 14  7 16 15 11 10 13  5  6  1  2  3  4  8]
 [16  5  6  8  2 12 13 14  7 15  3  4  1 11  9 10]
 [ 3 15  7 11 10 14  5 16  4 12  1  2  9  6  8 13]
 [ 8 10  1  6  3  4  2  9 11 13  5  7 14 16 12 15]
 [ 5 14  9 13 15  7 12 11  8  3 16  6  4  1 10  2]
 [12  4  2 16  6  8  1 13 10 14  9 15 11  7  5  3]
 [ 6  8  4  3 13 11 10 12 14  1 15  9 16  5  2  7]
 [14 11  5  1  8 16 15  2  6  7 10 13 12  9  3  4]
 [ 2  7 10 15  1  9 14  5 12 16  4  3  8 13 11  6]
 [13  9 16 12  7  3  6  4  5  8  2 11 15 10 14  1]
 [11  6 15  5 14 13  3  1  2  9  7  8 10  4 16 12]
 [10  1 13 14  9  5  8 15  3  4 12 16  7  2  6 11]
 [ 4  3 12  9 11  2 16  7 15  6 13 10  5  8  1 14]
 [ 7 16  8  2 12 10  4  6  1 11 14  5  3 15 13  9]]

[[ 1  2  3  4  5  6  7  8  9 10 11 12 13 14 15 16]
 [15 13 11 10  4  1  9  3 16  2  8 14  6 12  7  5]
 [ 9 12 14  7 16 15 11 10 13  5  6  1  2  3  4  8]
 [16  5  6  8  2 12 13 14  7 15  3  4  1 11  9 10]
 [ 3 15  7 11 10 14  5 16 12  4  1  2  9  6  8 13]
 [ 8 10  1  6  3  4  2  9 11 13  5  7 14 16 12 15]
 [ 5 14  9 13 15  7 12 11  8  3 16  6  4  1 10  2]
 [12  4  2 16  6  8  1 13 10 14  9 15 11  7  5  3]
 [ 6  8  4  3 13 11 15 12 14  1 10  9 16  5  2  7]
 [14 11  5  1  8 16 10  2  6  7 15 13 12  9  3  4]
 [ 2  7 10 15  1  9 14  5  4 16 12  3  8 13 11  6]
 [13  9 16 12  7  3  6  4  5  8  2 11 15 10 14  1]
 [11  6 15  5 14 13  3  1  2  9  7  8 10  4 16 12]
 [10  1 13 14  9  5  8 15  3 12  4 16  7  2  6 11]
 [ 4  3 12  9 11  2 16  7 15  6 13 10  5  8  1 14]
 [ 7 16  8  2 12 10  4  6  1 11 14  5  3 15 13  9]]

[[ 1  2  3  4  5  6  7  8  9 10 11 12 13 14 15 16]
 [15 13 11 10  3  1  9  4 16  8  2 14  6 12  7  5]
 [ 9 12 14  7 16 15 11 10 13  5  6  1  2  3  4  8]
 [16  5  6  8  2 12 13 14  7 15  4  3  1 11  9 10]
 [ 3 15  7 11 10 14  5 16  4 12  1  2  9 13  8  6]
 [ 8 10  1  6  4  3  2  9 11 13  5  7 14 16 12 15]
 [ 5 14  9 13 15  7 12 11  8  3 16  6  4  1 10  2]
 [12  4  2 16  6  8  1 13 10 14  9 15 11  7  5  3]
 [ 6  8  4  3 13 11 15 12 14  1 10  9 16  5  2  7]
 [14 11  5  1  8 16 10  2  6  7 15 13 12  9  3  4]
 [ 2  7 10 15  1  9 14  5 12  4  3 16  8  6 11 13]
 [13  9 16 12  7  4  6  3  5  2  8 11 15 10  1 14]
 [11  6 15  5 14 13  3  1  2  9  7  8 10  4 16 12]
 [10  1 13 14  9  5  8 15  3 16 12  4  7  2  6 11]
 [ 4  3 12  9 11  2 16  7 15  6 13 10  5  8 14  1]
 [ 7 16  8  2 12 10  4  6  1 11 14  5  3 15 13  9]]

[[ 1  2  3  4  5  6  7  8  9 10 11 12 13 14 15 16]
 [15 13 11 10  4  1  9  3 16  2  8 14  6 12  7  5]
 [ 9 12 14  7 16 15 11 10 13  5  6  1  2  3  4  8]
 [16  5  6  8  2 12 13 14  7 15  3  4  1 11  9 10]
 [ 3 15  7 11 10 14  5 16  4 12  1  2  9 13  8  6]
 [ 8 10  1  6  3  4  2  9 11 13  5  7 14 16 12 15]
 [ 5 14  9 13 15  7 12 11  8  3 16  6  4  1 10  2]
 [12  4  2 16  6  8  1 13 10 14  9 15 11  7  5  3]
 [ 6  8  4  3 13 11 15 12 14  1 10  9 16  5  2  7]
 [14 11  5  1  8 16 10  2  6  7 15 13 12  9  3  4]
 [ 2  7 10 15  1  9 14  5 12 16  4  3  8  6 11 13]
 [13  9 16 12  7  3  6  4  5  8  2 11 15 10 14  1]
 [11  6 15  5 14 13  3  1  2  9  7  8 10  4 16 12]
 [10  1 13 14  9  5  8 15  3  4 12 16  7  2  6 11]
 [ 4  3 12  9 11  2 16  7 15  6 13 10  5  8  1 14]
 [ 7 16  8  2 12 10  4  6  1 11 14  5  3 15 13  9]]

[[ 1  2  3  4  5  6  7  8  9 10 11 12 13 14 15 16]
 [15 13 11 10  3  1  9  4  8  2 16 14 12  6  7  5]
 [ 9 12 14  7 10 15 11 16 13  5  6  1  2  3  4  8]
 [16  5  6  8  2 12 13 14  7 15  3  4  1 11  9 10]
 [ 3 15  7 11 16 14  5 10  4 12  1  2  6  9  8 13]
 [ 8 10  1  6  4  3  2  9 11 13  5  7 14 16 12 15]
 [ 5 14  9 13 15  7 12 11 16  3  8  6  4 10  1  2]
 [12  4  2 16  6  8  1 13 10 14  9 15 11  7  5  3]
 [14  8  4  3 13 11 15 12  6  1 10  9 16  5  2  7]
 [ 6 11  5  1  8 16 10  2 14  7 15 13  9 12  3  4]
 [ 2  7 10 15  1  9 14  5 12 16  4  3  8 13 11  6]
 [13  9 16 12  7  4  6  3  5  8  2 11 15  1 10 14]
 [11  6 15  5 14 13  3  1  2  9  7  8 10  4 16 12]
 [10  1 13 14  9  5  8 15  3  4 12 16  7  2  6 11]
 [ 4  3 12  9 11  2 16  7 15  6 13 10  5  8 14  1]
 [ 7 16  8  2 12 10  4  6  1 11 14  5  3 15 13  9]]

[[ 1  2  3  4  5  6  7  8  9 10 11 12 13 14 15 16]
 [15 13 11 10  4  1  9  3 16  2  8 14  6 12  7  5]
 [ 9 12 14  7 16 15 11 10 13  5  6  1  2  3  4  8]
 [16  5  6  8  2 12 13 14  7 15  3  4  1 11  9 10]
 [ 3 15  7 11 10 14  5 16  4 12  1  2  9  6  8 13]
 [ 8 10  1  6  3  4  2  9 11 13  5  7 14 16 12 15]
 [ 5 14  9 13 15  7 12 11  8  3 16  6  4  1 10  2]
 [12  4  2 16  6  8  1 13 10 14  9 15 11  7  5  3]
 [ 6  8  4  3 13 11 10 12 14  1 15  9 16  5  2  7]
 [14 11  5  1  8 16 15  2  6  7 13 10 12  9  3  4]
 [ 2  7 10 15  1  9 14  5 12 16  4  3  8 13 11  6]
 [13  9 16 12  7  3  6  4  5  8  2 11 15 10 14  1]
 [11  6 15  5 14 13  3  1  2  9  7  8 10  4 16 12]
 [10  1 13 14  9  5  8 15  3  4 12 16  7  2  6 11]
 [ 4  3 12  9 11  2 16  7 15  6 10 13  5  8  1 14]
 [ 7 16  8  2 12 10  4  6  1 11 14  5  3 15 13  9]]

[[ 1  2  3  4  5  6  7  8  9 10 11 12 13 14 15 16]
 [15 13 11 10  4  1  9  3 16  2  8 14  6 12  7  5]
 [ 9 12 14  7 16 15 11 10 13  5  6  1  2  3  4  8]
 [16  5  6  8  2 12 13 14  7 15  3  4  1 11  9 10]
 [ 3 15  7 11 10 14  5 16 12  4  1  2  9 13  8  6]
 [ 8 10  1  6  3  4  2  9 11 13  5  7 14 16 12 15]
 [ 5 14  9 13 15  7 12 11  8  3 16  6  4  1 10  2]
 [12  4  2 16  6  8  1 13 10 14  9 15 11  7  5  3]
 [ 6  8  4  3 13 11 15 12 14  1 10  9 16  5  2  7]
 [14 11  5  1  8 16 10  2  6  7 15 13 12  9  3  4]
 [ 2  7 10 15  1  9 14  5  4 16 12  3  8  6 11 13]
 [13  9 16 12  7  3  6  4  5  8  2 11 15 10 14  1]
 [11  6 15  5 14 13  3  1  2  9  7  8 10  4 16 12]
 [10  1 13 14  9  5  8 15  3 12  4 16  7  2  6 11]
 [ 4  3 12  9 11  2 16  7 15  6 13 10  5  8  1 14]
 [ 7 16  8  2 12 10  4  6  1 11 14  5  3 15 13  9]]

[[ 1  2  3  4  5  6  7  8  9 10 11 12 13 14 15 16]
 [15 13 11 10  4  1  9  3 16  2  8 14  6 12  7  5]
 [ 9 12 14  7 16 15 11 10 13  5  6  1  2  3  4  8]
 [16  5  6  8  2 12 13 14  7 15  3  4  1 11  9 10]
 [ 3 15  7 11 10 14  5 16  4 12  1  2  9  6  8 13]
 [ 8 10  1  6  3  4  2  9 11 13  5  7 14 16 12 15]
 [ 5 14  9 13 15  7 12 11  8  3 16  6  4  1 10  2]
 [12  4  2 16  6  8  1 13 10 14  9 15 11  7  5  3]
 [ 6  8  4  3 13 11 10 12 14  1 15  9 16  5  2  7]
 [14 11  5  1  8 16 15  2  6  7 10 13 12  9  3  4]
 [ 2  7 10 15  1  9 14  5 12 16  4  3  8 13 11  6]
 [13  9 16 12  7  3  4  6  5  8  2 11 15 10 14  1]
 [11  6 15  5 14 13  3  1  2  9  7  8 10  4 16 12]
 [10  1 13 14  9  5  8 15  3  4 12 16  7  2  6 11]
 [ 4  3 12  9 11  2 16  7 15  6 13 10  5  8  1 14]
 [ 7 16  8  2 12 10  6  4  1 11 14  5  3 15 13  9]]

[[ 1  2  3  4  5  6  7  8  9 10 11 12 13 14 15 16]
 [ 9 13 15 10  3  1 11  4 16  8  2 14  6 12  7  5]
 [11 12 14  7 16 15  9 10 13  5  6  1  2  3  4  8]
 [16  5  6  8  2 12 13 14  7 15  4  3  1 11  9 10]
 [ 3 15  7 11 10 14  5 16  4 12  1  2  9 13  8  6]
 [ 8 10  1  6  4  3  2  9 11 13  5  7 14 16 12 15]
 [ 5 14  9 13 15  7 12 11  8  3 16  6  4  1 10  2]
 [12  4  2 16  6  8  1 13 10 14  9 15 11  7  5  3]
 [ 6  8  4  3 13 11 15 12 14  1 10  9 16  5  2  7]
 [14 11  5  1  8 16 10  2  6  7 15 13 12  9  3  4]
 [ 2  7 10 15  1  9 14  5 12  4  3 16  8  6 11 13]
 [13  9 16 12  7  4  6  3  5  2  8 11 15 10  1 14]
 [15  6 11  5 14 13  3  1  2  9  7  8 10  4 16 12]
 [10  1 13 14  9  5  8 15  3 16 12  4  7  2  6 11]
 [ 4  3 12  9 11  2 16  7 15  6 13 10  5  8 14  1]
 [ 7 16  8  2 12 10  4  6  1 11 14  5  3 15 13  9]]

[[ 1  2  3  4  5  6  7  8  9 10 11 12 13 14 15 16]
 [15 13 11 10  4  1  9  3  8  2 16 14  6 12  7  5]
 [ 9 12 14  7 16 15 11 10 13  5  6  1  2  3  4  8]
 [16  5  6  8  2 12 13 14  7 15  3  4  1 11  9 10]
 [ 3 15  7 11 10 14  5 16  4 12  1  2  9  6  8 13]
 [ 8 10  1  6  3  4  2  9 11 13  5  7 14 16 12 15]
 [ 5 14  9 13 15  7 12 11 16  3  8  6  4  1 10  2]
 [12  4  2 16  6  8  1 13 10 14  9 15 11  7  5  3]
 [ 6  8  4  3 13 11 10 12 14  1 15  9 16  5  2  7]
 [14 11  5  1  8 16 15  2  6  7 10 13 12  9  3  4]
 [ 2  7 10 15  1  9 14  5 12 16  4  3  8 13 11  6]
 [13  9 16 12  7  3  6  4  5  8  2 11 15 10 14  1]
 [11  6 15  5 14 13  3  1  2  9  7  8 10  4 16 12]
 [10  1 13 14  9  5  8 15  3  4 12 16  7  2  6 11]
 [ 4  3 12  9 11  2 16  7 15  6 13 10  5  8  1 14]
 [ 7 16  8  2 12 10  4  6  1 11 14  5  3 15 13  9]]

[[ 1  2  3  4  5  6  7  8  9 10 11 12 13 14 15 16]
 [15 13 11 10  4  1  9  3 16  2  8 14  6 12  7  5]
 [ 9 12 14  7 16 15 11 10 13  5  6  1  2  3  4  8]
 [16  5  6  8  2 12 13 14  7 15  4  3  1 11  9 10]
 [ 3 15  7 11 10 14  5 16  4 12  1  2  9  6  8 13]
 [ 8 10  1  6  3  4  2  9 11 13  5  7 14 16 12 15]
 [ 5 14  9 13 15  7 12 11  8  3 16  6  4  1 10  2]
 [12  4  2 16  6  8  1 13 10 14  9 15 11  7  5  3]
 [ 6  8  4  3 13 11 10 12 14  1 15  9 16  5  2  7]
 [14 11  5  1  8 16 15  2  6  7 13 10 12  9  3  4]
 [ 2  7 10 15  1  9 14  5 12 16  3  4  8 13 11  6]
 [13  9 16 12  7  3  6  4  5  8  2 11 15 10 14  1]
 [11  6 15  5 14 13  3  1  2  9  7  8 10  4 16 12]
 [10  1 13 14  9  5  8 15  3  4 12 16  7  2  6 11]
 [ 4  3 12  9 11  2 16  7 15  6 10 13  5  8  1 14]
 [ 7 16  8  2 12 10  4  6  1 11 14  5  3 15 13  9]]

[[ 1  2  3  4  5  6  7  8  9 10 11 12 13 14 15 16]
 [ 9 13 15 10  3  1 11  4 16  8  2 14  6 12  7  5]
 [11 12 14  7 16 15  9 10 13  5  6  1  2  3  4  8]
 [16  5  6  8  2 12 13 14  7 15  4  3  1 11  9 10]
 [ 3 15  7 11 10 14  5 16  4 12  1  2  9 13  8  6]
 [ 8 10  1  6  4  3  2  9 11 13  5  7 14 16 12 15]
 [ 5 14  9 13 15  7 12 11  8  3 16  6  4  1 10  2]
 [12  4  2 16  6  8  1 13 10 14  9 15 11  7  5  3]
 [ 6  8  4  3 13 11 15 12 14  1 10  9 16  5  2  7]
 [14 11  5  1  8 16 10  2  6  7 15 13 12  9  3  4]
 [ 2  7 10 15  1  9 14  5 12 16  3  4  8  6 11 13]
 [13  9 16 12  7  4  6  3  5  2  8 11 15 10  1 14]
 [15  6 11  5 14 13  3  1  2  9  7  8 10  4 16 12]
 [10  1 13 14  9  5  8 15  3  4 12 16  7  2  6 11]
 [ 4  3 12  9 11  2 16  7 15  6 13 10  5  8 14  1]
 [ 7 16  8  2 12 10  4  6  1 11 14  5  3 15 13  9]]

[[ 1  2  3  4  5  6  7  8  9 10 11 12 13 14 15 16]
 [15 13 11 10  4  1  9  3 16  2  8 14  6 12  7  5]
 [ 9 12 14  7 11 15 16 10 13  5  6  1  2  3  4  8]
 [16  5  6  8  2 12 13 14  7 15  3  4  1 11  9 10]
 [ 3 15  7 11 10 14  5 16  4 12  1  2  9  6  8 13]
 [ 8 10  1  6  3  4  2  9 11 13  5  7 14 16 12 15]
 [ 5 14  9 13 15  7 12 11  8  3 16  6  4  1 10  2]
 [12  4  2 16  6  8  1 13 10 14  9 15 11  7  5  3]
 [ 6  8  4  3 13 11 10 12 14  1 15  9 16  5  2  7]
 [14 11  5  1  8 16 15  2  6  7 10 13 12  9  3  4]
 [ 2  7 10 15  1  9 14  5 12 16  4  3  8 13 11  6]
 [13  9 16 12  7  3  4  6  5  8  2 11 15 10 14  1]
 [11  6 15  5 14 13  3  1  2  9  7  8 10  4 16 12]
 [10  1 13 14  9  5  8 15  3  4 12 16  7  2  6 11]
 [ 4  3 12  9 16  2 11  7 15  6 13 10  5  8  1 14]
 [ 7 16  8  2 12 10  6  4  1 11 14  5  3 15 13  9]]

[[ 1  2  3  4  5  6  7  8  9 10 11 12 13 14 15 16]
 [15 13 11 10  4  1  9  3 16  2  8 14  6 12  7  5]
 [ 9 12 14  7 16 15 11 10 13  5  6  1  2  3  4  8]
 [16  5  6  8  2 12 13 14  7 15  3  4  1 11  9 10]
 [ 3 15  7 11 10 14  5 16 12  4  1  2  9 13  8  6]
 [ 8 10  1  6  3  4  2  9 11 13  5  7 14 16 12 15]
 [ 5 14  9 13 15  7 12 11  8  3 16  6  4  1 10  2]
 [12  4  2 16  6  8  1 13 10 14  9 15 11  7  5  3]
 [ 6  8  4  3 13 11 15 12 14  1 10  9 16  5  2  7]
 [14 11  5  1  8 16 10  2  6  7 15 13 12  9  3  4]
 [ 2  7 10 15  1  9 14  4  5 16 12  3  8  6 11 13]
 [13  9 16 12  7  3  6  5  4  8  2 11 15 10 14  1]
 [11  6 15  5 14 13  3  1  2  9  7  8 10  4 16 12]
 [10  1 13 14  9  5  8 15  3 12  4 16  7  2  6 11]
 [ 4  3 12  9 11  2 16  7 15  6 13 10  5  8  1 14]
 [ 7 16  8  2 12 10  4  6  1 11 14  5  3 15 13  9]]

[[ 1  2  3  4  5  6  7  8  9 10 11 12 13 14 15 16]
 [15 13 11 10  4  1  9  3 16  2  8 14  6 12  7  5]
 [ 9 12 14  7 16 15 11 10 13  5  6  1  2  3  4  8]
 [16  5  6  8  2 12 13 14  7 15  4  3  1 11  9 10]
 [ 3 15  7 11 10 14  5 16 12  4  1  2  9  6  8 13]
 [ 8 10  1  6  3  4  2  9 11 13  5  7 14 16 12 15]
 [ 5 14  9 13 15  7 12 11  8  3 16  6  4  1 10  2]
 [12  4  2 16  6  8  1 13 10 14  9 15 11  7  5  3]
 [ 6  8  4  3 13 11 10 12 14  1 15  9 16  5  2  7]
 [14 11  5  1  8 16 15  2  6  7 13 10 12  9  3  4]
 [ 2  7 10 15  1  9 14  5  3 16 12  4  8 13 11  6]
 [13  9 16 12  7  3  6  4  5  8  2 11 15 10 14  1]
 [11  6 15  5 14 13  3  1  4  9  7  8 10  2 16 12]
 [10  1 13 14  9  5  8 15  2 12  3 16  7  4  6 11]
 [ 4  3 12  9 11  2 16  7 15  6 10 13  5  8  1 14]
 [ 7 16  8  2 12 10  4  6  1 11 14  5  3 15 13  9]]

[[ 1  2  3  4  5  6  7  8  9 10 11 12 13 14 15 16]
 [15 13 11 10  4  1  9  3 16  2  8 14  6 12  7  5]
 [ 9 12 14  7 16 15 11 10 13  5  6  1  2  3  4  8]
 [16  5  6  8  2 12 13 14  7 15  3  4  1 11  9 10]
 [ 3 15  7 11 10 14  5 16  4 12  1  2  9  6  8 13]
 [ 8 10  1  6  3  4  2  9 11 13  5  7 14 16 12 15]
 [ 5 14  9 13 15  7 12 11  8  3 16  6  4  1 10  2]
 [12  4  2 16  6  8  1 13 10 14  9 15 11  7  5  3]
 [ 6  8  4  3 13 11 10 12 14  1 15  9 16  5  2  7]
 [14 11  5  1  8 16 15  2  6  7 10 13 12  9  3  4]
 [ 2  7 10 15  1  9 14  5 12 16  4  3  8 13 11  6]
 [13  9 16 12  7  3  4  6  5  8  2 11 15 10  1 14]
 [11  6 15  5 14 13  3  1  2  9  7  8 10  4 16 12]
 [10  1 13 14  9  5  8 15  3  4 12 16  7  2  6 11]
 [ 4  3 12  9 11  2 16  7 15  6 13 10  5  8 14  1]
 [ 7 16  8  2 12 10  6  4  1 11 14  5  3 15 13  9]]

[[ 1  2  3  4  5  6  7  8  9 10 11 12 13 14 15 16]
 [13  9 15 10  3  1 11  4 16  8  2 14  6 12  7  5]
 [11 12 14  7 16 15  9 10 13  5  6  1  2  3  4  8]
 [16  5  6  8  2 12 13 14  7 15  4  3  1 11  9 10]
 [ 3 15  7 11 10 14  5 16  4 12  1  2  9 13  8  6]
 [ 8 10  1  6  4  3  2  9 11 13  5  7 14 16 12 15]
 [ 5 14  9 13 15  7 12 11  8  3 16  6  4  1 10  2]
 [12  4  2 16  6  8  1 13 10 14  9 15 11  7  5  3]
 [ 6  8  4  3 13 11 15 12 14  1 10  9 16  5  2  7]
 [14 11  5  1  8 16 10  2  6  7 15 13 12  9  3  4]
 [ 2  7 10 15  1  9 14  5 12 16  3  4  8  6 11 13]
 [ 9 13 16 12  7  4  6  3  5  2  8 11 15 10  1 14]
 [15  6 11  5 14 13  3  1  2  9  7  8 10  4 16 12]
 [10  1 13 14  9  5  8 15  3  4 12 16  7  2  6 11]
 [ 4  3 12  9 11  2 16  7 15  6 13 10  5  8 14  1]
 [ 7 16  8  2 12 10  4  6  1 11 14  5  3 15 13  9]]

[[ 1  2  3  4  5  6  7  8  9 10 11 12 13 14 15 16]
 [15 13 11 10  4  1  9  3 16  2  8 14  6 12  7  5]
 [ 9 12 14  7 11 15 16 10 13  5  6  1  2  3  4  8]
 [16  5  6  8  2 12 13 14  7 15  3  4  1 11  9 10]
 [ 3 15  7 11 10 14  5 16  4 12  1  2  9  6  8 13]
 [ 8 10  1  6  3  4  2  9 11 13  5  7 14 16 12 15]
 [ 5 14  9 13 15  7 12 11  8  3 16  6  4  1 10  2]
 [12  4  2 16  6  8  1 13 10 14  9 15 11  7  5  3]
 [ 6  8  4  3 13 11 10 12 14  1 15  9 16  5  2  7]
 [14 11  5  1  8 16 15  2  6  7 10 13 12  9  3  4]
 [ 2  7 10 15  1  9 14  5 12 16  4  3  8 13 11  6]
 [13  9 16 12  7  3  4  6  5  8  2 11 15 10  1 14]
 [11  6 15  5 14 13  3  1  2  9  7  8 10  4 16 12]
 [10  1 13 14  9  5  8 15  3  4 12 16  7  2  6 11]
 [ 4  3 12  9 16  2 11  7 15  6 13 10  5  8 14  1]
 [ 7 16  8  2 12 10  6  4  1 11 14  5  3 15 13  9]]

[[ 1  2  3  4  5  6  7  8  9 10 11 12 13 14 15 16]
 [15 13 11 10  4  1  9  3 16  2  8 14  6 12  7  5]
 [ 9 12 14  7 11 15 16 10 13  5  6  1  2  3  4  8]
 [16  5  6  8  2 12 13 14  7 15  3  4  1 11  9 10]
 [ 3 15  7 11 10 14  5 16  4 12  1  2  9  6  8 13]
 [ 8 10  1  6  3  4  2  9 11 13  5  7 14 16 12 15]
 [ 5 14  9 13 15  7 12 11  8  3 16  6  4  1 10  2]
 [12  4  2 16  6  8  1 13 10 14  9 15 11  7  5  3]
 [ 6  8  4  3 13 11 15 12 14  1 10  9 16  5  2  7]
 [14 11  5  1  8 16 10  2  6  7 15 13 12  9  3  4]
 [ 2  7 10 15  1  9 14  5 12 16  4  3  8 13 11  6]
 [13  9 16 12  7  3  4  6  5  8  2 11 15 10 14  1]
 [11  6 15  5 14 13  3  1  2  9  7  8 10  4 16 12]
 [10  1 13 14  9  5  8 15  3  4 12 16  7  2  6 11]
 [ 4  3 12  9 16  2 11  7 15  6 13 10  5  8  1 14]
 [ 7 16  8  2 12 10  6  4  1 11 14  5  3 15 13  9]]

[[ 1  2  3  4  5  6  7  8  9 10 11 12 13 14 15 16]
 [15 13 11 10  4  1  9  3  8  2 16 14  6 12  7  5]
 [ 9 12 14  7 16 15 11 10 13  5  6  1  2  3  4  8]
 [16  5  6  8  2 12 13 14  7 15  4  3  1 11  9 10]
 [ 3 15  7 11 10 14  5 16  4 12  1  2  9  6  8 13]
 [ 8 10  1  6  3  4  2  9 11 13  5  7 14 16 12 15]
 [ 5 14  9 13 15  7 12 11 16  3  8  6  4  1 10  2]
 [12  4  2 16  6  8  1 13 10 14  9 15 11  7  5  3]
 [ 6  8  4  3 13 11 10 12 14  1 15  9 16  5  2  7]
 [14 11  5  1  8 16 15  2  6  7 13 10 12  9  3  4]
 [ 2  7 10 15  1  9 14  5 12 16  3  4  8 13 11  6]
 [13  9 16 12  7  3  6  4  5  8  2 11 15 10 14  1]
 [11  6 15  5 14 13  3  1  2  9  7  8 10  4 16 12]
 [10  1 13 14  9  5  8 15  3  4 12 16  7  2  6 11]
 [ 4  3 12  9 11  2 16  7 15  6 10 13  5  8  1 14]
 [ 7 16  8  2 12 10  4  6  1 11 14  5  3 15 13  9]]

[[ 1  2  3  4  5  6  7  8  9 10 11 12 13 14 15 16]
 [11 13 15 10  4  1  9  3  8  2 16 14  6 12  7  5]
 [ 9 12 14  7 16 15 11 10 13  5  6  1  2  3  4  8]
 [16  5  6  8  2 12 13 14  7 15  4  3  1 11  9 10]
 [ 3 15  7 11 10 14  5 16  4 12  1  2  9  6  8 13]
 [ 8 10  1  6  3  4  2  9 11 13  5  7 14 16 12 15]
 [ 5 14  9 13 15  7 12 11 16  3  8  6  4  1 10  2]
 [12  4  2 16  6  8  1 13 10 14  9 15 11  7  5  3]
 [ 6  8  4  3 13 11 10 12 14  1 15  9 16  5  2  7]
 [14 11  5  1  8 16 15  2  6  7 13 10 12  9  3  4]
 [ 2  7 10 15  1  9 14  5 12 16  3  4  8 13 11  6]
 [13  9 16 12  7  3  6  4  5  8  2 11 15 10 14  1]
 [15  6 11  5 14 13  3  1  2  9  7  8 10  4 16 12]
 [10  1 13 14  9  5  8 15  3  4 12 16  7  2  6 11]
 [ 4  3 12  9 11  2 16  7 15  6 10 13  5  8  1 14]
 [ 7 16  8  2 12 10  4  6  1 11 14  5  3 15 13  9]]

[[ 1  2  3  4  5  6  7  8  9 10 11 12 13 14 15 16]
 [15 13 11 10  4  1  9  3 16  2  8 14  6 12  7  5]
 [ 9 12 14  7 16 15 11 10 13  5  6  1  2  3  4  8]
 [16  5  6  8  2 12 13 14  7 15  4  3  1 11  9 10]
 [ 3 15  7 11 10 14  5 16  4 12  1  2  9  6  8 13]
 [ 8 10  1  6  3  4  2  9 11 13  5  7 14 16 12 15]
 [ 5 14  9 13 15  7 12 11  8  3 16  6  4  1 10  2]
 [12  4  2 16  6  8  1 13 10 14 15  9 11  7  5  3]
 [ 6  8  4  3 13 11 10 12 14  1  9 15 16  5  2  7]
 [14 11  5  1  8 16 15  2  6  7 13 10 12  9  3  4]
 [ 2  7 10 15  1  9 14  5 12 16  3  4  8 13 11  6]
 [13  9 16 12  7  3  6  4  5  8  2 11 15 10 14  1]
 [11  6 15  5 14 13  3  1  2  9  7  8 10  4 16 12]
 [10  1 13 14  9  5  8 15  3  4 12 16  7  2  6 11]
 [ 4  3 12  9 11  2 16  7 15  6 10 13  5  8  1 14]
 [ 7 16  8  2 12 10  4  6  1 11 14  5  3 15 13  9]]

[[ 1  2  3  4  5  6  7  8  9 10 11 12 13 14 15 16]
 [15 13 11 10  4  1  9  3  8  2 16 14  6 12  7  5]
 [ 9 12 14  7 16 15 11 10 13  5  6  1  2  3  4  8]
 [16  5  6  8  2 12 13 14  7 15  3  4  1 11  9 10]
 [ 3 15  7 11 10 14  5 16  4 12  1  2  9  6  8 13]
 [ 8 10  1  6  3  4  2  9 11 13  5  7 14 16 12 15]
 [ 5 14  9 13 15  7 12 11 16  3  8  6  4  1 10  2]
 [12  4  2 16  6  8  1 13 10 14  9 15 11  7  5  3]
 [ 6  8  4  3 13 11 10 12 14  1 15  9 16  5  2  7]
 [14 11  5  1  8 16 15  2  6  7 13 10 12  9  3  4]
 [ 2  7 10 15  1  9 14  5 12 16  4  3  8 13 11  6]
 [13  9 16 12  7  3  6  4  5  8  2 11 15 10 14  1]
 [11  6 15  5 14 13  3  1  2  9  7  8 10  4 16 12]
 [10  1 13 14  9  5  8 15  3  4 12 16  7  2  6 11]
 [ 4  3 12  9 11  2 16  7 15  6 10 13  5  8  1 14]
 [ 7 16  8  2 12 10  4  6  1 11 14  5  3 15 13  9]]

[[ 1  2  3  4  5  6  7  8  9 10 11 12 13 14 15 16]
 [15 13 11 10  4  1  9  3  8  2 16 14  6 12  7  5]
 [ 9 12 14  7 16 15 11 10 13  5  6  1  2  3  4  8]
 [16  5  6  8  2 12 13 14  7 15  4  3  1 11  9 10]
 [ 3 15  7 11 10 14  5 16  4 12  1  2  9  6  8 13]
 [ 8 10  1  6  3  4  2  9 11 13  5  7 14 16 12 15]
 [ 5 14  9 13 15  7 12 11 16  3  8  6  4  1 10  2]
 [12  4  2 16  6  8  1 13 10 14  9 15 11  7  5  3]
 [ 6  8  4  3 13 11 10 12 14  1 15  9 16  5  2  7]
 [14 11  5  1  8 16 15  2  6  7 13 10 12  9  3  4]
 [ 2  7 10 15  1  9 14  5 12 16  3  4  8 13  6 11]
 [13  9 16 12  7  3  6  4  5  8  2 11 15 10 14  1]
 [11  6 15  5 14 13  3  1  2  9  7  8 10  4 16 12]
 [10  1 13 14  9  5  8 15  3  4 12 16  7  2 11  6]
 [ 4  3 12  9 11  2 16  7 15  6 10 13  5  8  1 14]
 [ 7 16  8  2 12 10  4  6  1 11 14  5  3 15 13  9]]

[[ 1  2  3  4  5  6  7  8  9 10 11 12 13 14 15 16]
 [15 13 11 10  4  1  9  3 16  2  8 14  6 12  7  5]
 [ 9 12 14  7 10 15 11 16 13  5  6  1  2  3  4  8]
 [16  5  6  8  2 12 13 14  7 15  3  4  1 11  9 10]
 [ 3 15  7 11 16 14  5 10  4 12  1  2  9  6  8 13]
 [ 8 10  1  6  3  4  2  9 11 13  5  7 14 16 12 15]
 [ 5 14  9 13 15  7 12 11  8  3 16  6  4  1 10  2]
 [12  4  2 16  6  8  1 13 10 14  9 15 11  7  5  3]
 [ 6  8  4  3 13 11 10 12 14  1 15  9 16  5  2  7]
 [14 11  5  1  8 16 15  2  6  7 10 13 12  9  3  4]
 [ 2  7 10 15  1  9 14  5 12 16  4  3  8 13 11  6]
 [13  9 16 12  7  3  4  6  5  8  2 11 15 10 14  1]
 [11  6 15  5 14 13  3  1  2  9  7  8 10  4 16 12]
 [10  1 13 14  9  5  8 15  3  4 12 16  7  2  6 11]
 [ 4  3 12  9 11  2 16  7 15  6 13 10  5  8  1 14]
 [ 7 16  8  2 12 10  6  4  1 11 14  5  3 15 13  9]]

[[ 1  2  3  4  5  6  7  8  9 10 11 12 13 14 15 16]
 [15 13 11 10  4  1  9  3  8  2 16 14  6 12  7  5]
 [ 9 12 14  7 16 15 11 10 13  5  6  1  2  3  4  8]
 [16  5  6  8  2 12 13 14  7 15  4  3  1 11  9 10]
 [ 3 15  7 11 10 14  5 16  4 12  1  2  9  6  8 13]
 [ 8 10  1  6  3  4  2  9 11 13  5  7 14 16 12 15]
 [ 5 14  9 13 15  7 12 11 16  3  8  6  4  1 10  2]
 [12  4  2 16  6  8  1 13 10 14  9 15 11  7  5  3]
 [ 6  8  4  3 13 11 10 12 14  1 15  9 16  5  2  7]
 [14 11  5  1  8 16 15  2  6  7 13 10 12  9  3  4]
 [ 2  7 10 15  1  9  6  5 12 16  3  4  8 13 14 11]
 [13  9 16 12  7  3 14  4  5  8  2 11 15 10  6  1]
 [11  6 15  5 14 13  3  1  2  9  7  8 10  4 16 12]
 [10  1 13 14  9  5  8 15  3  4 12 16  7  2 11  6]
 [ 4  3 12  9 11  2 16  7 15  6 10 13  5  8  1 14]
 [ 7 16  8  2 12 10  4  6  1 11 14  5  3 15 13  9]]

[[ 1  2  3  4  5  6  7  8  9 10 11 12 13 14 15 16]
 [15 13 11 10  4  1  9  3 16  2  8 14  7 12  6  5]
 [ 9 12 14  7 16 15 11 10 13  5  6  1  2  3  4  8]
 [16  5  6  8  2 12 13 14  7 15  3  4  1 11  9 10]
 [ 3 15  7 11 10 14  5 16  4 12  1  2  9  6  8 13]
 [ 8 10  1  6  3  4  2  9 11 13  5  7 14 16 12 15]
 [ 5 14  9 13 15  7 12 11  8  3 16  6  4  1 10  2]
 [12  4  2 16  6  8  1 13 10 14  9 15 11  7  5  3]
 [ 6  8  4  3 13 11 10 12 14  1 15  9 16  5  2  7]
 [14 11  5  1  8 16 15  2  6  7 10 13 12  9  3  4]
 [ 2  7 10 15  1  9 14  5 12 16  4  3  8 13 11  6]
 [13  9 16 12  7  3  4  6  5  8  2 11 15 10 14  1]
 [11  6 15  5 14 13  3  1  2  9  7  8 10  4 16 12]
 [10  1 13 14  9  5  8 15  3  4 12 16  6  2  7 11]
 [ 4  3 12  9 11  2 16  7 15  6 13 10  5  8  1 14]
 [ 7 16  8  2 12 10  6  4  1 11 14  5  3 15 13  9]]

[[ 1  2  3  4  5  6  7  8  9 10 11 12 13 14 15 16]
 [15 13 11 10  4  1  9  3  8  2 16 14  6 12  7  5]
 [ 9 12 14  7 16 15 11 10 13  5  6  1  2  3  4  8]
 [16  5  6  8  2 12 13 14  7 15  4  3  1 11  9 10]
 [ 3 15  7 11 10 14  5 16  4 12  1  2  9  6  8 13]
 [ 8 10  1  6  3  4  2  9 11 13  5  7 14 16 12 15]
 [ 5 14  9 13 15  7 12 11 16  3  8  6  4  1 10  2]
 [12  4  2 16  1  8  6 13 10 14  9 15 11  7  5  3]
 [ 6  8  4  3 13 11 10 12 14  1 15  9 16  5  2  7]
 [14 11  5  1  8 16 15  2  6  7 13 10 12  9  3  4]
 [ 2  7 10 15  6  9  1  5 12 16  3  4  8 13 14 11]
 [13  9 16 12  7  3 14  4  5  8  2 11 15 10  6  1]
 [11  6 15  5 14 13  3  1  2  9  7  8 10  4 16 12]
 [10  1 13 14  9  5  8 15  3  4 12 16  7  2 11  6]
 [ 4  3 12  9 11  2 16  7 15  6 10 13  5  8  1 14]
 [ 7 16  8  2 12 10  4  6  1 11 14  5  3 15 13  9]]

[[ 1  2  3  4  5  6  7  8  9 10 11 12 13 14 15 16]
 [11 13 15 10  4  1  9  3  8  2 16 14  6 12  7  5]
 [ 9 12 14  7 16 15 11 10 13  5  6  1  2  3  4  8]
 [16  5  6  8  2 12 13 14  7 15  4  3  1 11  9 10]
 [ 3 15  7 11 10 14  5 16  4 12  1  2  9  6  8 13]
 [ 8 10  1  6  3  4  2  9 11 13  5  7 14 16 12 15]
 [ 5 14  9 13 15  7 12 11 16  3  8  6  4  1 10  2]
 [12  4  2 16  6  8  1 13 10 14 15  9 11  7  5  3]
 [ 6  8  4  3 13 11 10 12 14  1  9 15 16  5  2  7]
 [14 11  5  1  8 16 15  2  6  7 13 10 12  9  3  4]
 [ 2  7 10 15  1  9 14  5 12 16  3  4  8 13 11  6]
 [13  9 16 12  7  3  6  4  5  8  2 11 15 10 14  1]
 [15  6 11  5 14 13  3  1  2  9  7  8 10  4 16 12]
 [10  1 13 14  9  5  8 15  3  4 12 16  7  2  6 11]
 [ 4  3 12  9 11  2 16  7 15  6 10 13  5  8  1 14]
 [ 7 16  8  2 12 10  4  6  1 11 14  5  3 15 13  9]]

