Number of solutions = 70

[[ 1  2  3  4  5  6  7  8  9 10 11 12 13 14 15 16]
 [ 7  8 15 16 11  2 14  3  1  5 13  6 12 10  9  4]
 [10  5 13 12  9 16  1  4 15  2  7 14  6  8  3 11]
 [14 11  9  6 10 15 12 13  8  4  3 16  2  1  5  7]
 [ 2  4  6 14 15 13  8 16 10  1  5  9  7  3 11 12]
 [16 13  7  1  6  3  9 12 11 15 14  2  5  4  8 10]
 [12  3 11  8  2  4  5 10  7  6 16 13 14 15  1  9]
 [ 9 15 10  5 14  1 11  7 12  3  4  8 16 13  2  6]
 [ 8  9 16 15  3 12  2  5  6 14 10  1 11  7  4 13]
 [13 12  2  3  4  7  6 11 16  8 15  5  1  9 10 14]
 [ 6  1  4 10 13  8 16 14  3 11  9  7 15  2 12  5]
 [11 14  5  7  1  9 10 15  2 13 12  4  8  6 16  3]
 [15 16 14 13  7 10  4  2  5  9  8 11  3 12  6  1]
 [ 5  7  1  2 16 14 15  9  4 12  6  3 10 11 13  8]
 [ 4 10  8 11 12  5  3  6 13  7  1 15  9 16 14  2]
 [ 3  6 12  9  8 11 13  1 14 16  2 10  4  5  7 15]]

[[ 1  2  3  4  5  6  7  8  9 10 11 12 13 14 15 16]
 [ 7  8 15 16 11  2 14  3  1  5 13  6 12 10  9  4]
 [10  5 13 12  9 16  1  4 15  2  7 14  6 11  3  8]
 [14 11  9  6 10 15 12 13  8  4  3 16  2  1  5  7]
 [ 2  4  6 14 15 13  8 16 10  1  5  9  7  3 11 12]
 [16 13  7  1  6  3  9 12 11 15 14  2  5  4  8 10]
 [12  3 11  8  2  4  5 10  7  6 16 13 14 15  1  9]
 [ 9 15 10  5 14  1 11  7 12  3  4  8 16 13  2  6]
 [ 8  9 16 15  3 12  2  5  6 14 10  1 11  7  4 13]
 [13 12  2  3  4  7  6 11 16  8 15  5  1  9 10 14]
 [ 6  1  4 10 13  8 16 14  3 11  9  7 15  2 12  5]
 [11 14  5  7  1  9 10 15  2 13 12  4  8  6 16  3]
 [15 16 14 13  7 10  4  2  5  9  8 11  3 12  6  1]
 [ 5  7  1  2 16 14 15  9  4 12  6  3 10  8 13 11]
 [ 4 10  8 11 12  5  3  6 13  7  1 15  9 16 14  2]
 [ 3  6 12  9  8 11 13  1 14 16  2 10  4  5  7 15]]

[[ 1  2  3  4  5  6  7  8  9 10 11 12 13 14 15 16]
 [ 7  8 15 16 11  2 14  3  1  5 13  6 12 10  9  4]
 [10  5 13 12  9 16  1  4 15  2  7 14  8  6  3 11]
 [14 11  9  6 10 15 12 13  8  4  3 16  2  1  5  7]
 [ 2  4  6 14 15 13  8 16 10  1  5  9  7  3 11 12]
 [16 13  7  1  6  3  9 12 11 15 14  2  5  4  8 10]
 [12  3 11  8  2  4  5 10  7  6 16 13 14 15  1  9]
 [ 9 15 10  5 14  1 11  7 12  3  4  8 16 13  2  6]
 [ 8  9 16 15  3 12  2  5  6 14 10  1 11  7  4 13]
 [13 12  2  3  4  7  6 11 16  8 15  5  1  9 10 14]
 [ 6  1  4 10 13  8 16 14  3 11  9  7 15  2 12  5]
 [11 14  5  7  1  9 10 15  2 13 12  4  6  8 16  3]
 [15 16 14 13  7 10  4  2  5  9  8 11  3 12  6  1]
 [ 5  7  1  2 16 14 15  9  4 12  6  3 10 11 13  8]
 [ 4 10  8 11 12  5  3  6 13  7  1 15  9 16 14  2]
 [ 3  6 12  9  8 11 13  1 14 16  2 10  4  5  7 15]]

[[ 1  2  3  4  5  6  7  8  9 10 11 12 13 14 15 16]
 [ 7  8 15 16 11  2 14  3  1  5 13  6 12 10  9  4]
 [10  5 13 12  9 16  1  4 15  2  7 14  6  8  3 11]
 [11 14  9  6 10 15 12 13  8  4  3 16  2  1  5  7]
 [ 2  4  6 14 15 13  8 16 10  1  5  9  7  3 11 12]
 [16 13  7  1  6  3  9 12 11 15 14  2  5  4  8 10]
 [12  3 11  8  2  4  5 10  7  6 16 13 14 15  1  9]
 [ 9 15 10  5 14  1 11  7 12  3  4  8 16 13  2  6]
 [ 8  9 16 15  3 12  2  5  6 14 10  1 11  7  4 13]
 [13 12  2  3  4  7  6 11 16  8 15  5  1  9 10 14]
 [ 6  1  4 10 13  8 16 14  3 11  9  7 15  2 12  5]
 [14 11  5  7  1  9 10 15  2 13 12  4  8  6 16  3]
 [15 16 14 13  7 10  4  2  5  9  8 11  3 12  6  1]
 [ 5  7  1  2 16 14 15  9  4 12  6  3 10 11 13  8]
 [ 4 10  8 11 12  5  3  6 13  7  1 15  9 16 14  2]
 [ 3  6 12  9  8 11 13  1 14 16  2 10  4  5  7 15]]

[[ 1  2  3  4  5  6  7  8  9 10 11 12 13 14 15 16]
 [ 7  8 15 16 11  2 14  3  1  5 13  6 12 10  9  4]
 [10  5 13 12  9 16  1  4 15  2  7 14  6  8  3 11]
 [14 11  9  6 10 15 12 13  8  4  3 16  2  1  5  7]
 [ 2  4  6 14 15 13  8 16 10  1  5  9  7  3 11 12]
 [16 13  7  1 12  3  9  6 11 15 14  2  5  4  8 10]
 [12  3 11  8  2  4  5 10  7  6 16 13 14 15  1  9]
 [ 9 15 10  5 14  1 11  7 12  3  4  8 16 13  2  6]
 [ 8  9 16 15  3 12  2  5  6 14 10  1 11  7  4 13]
 [13 12  2  3  4  7  6 11 16  8 15  5  1  9 10 14]
 [ 6  1  4 10 13  8 16 14  3 11  9  7 15  2 12  5]
 [11 14  5  7  1  9 10 15  2 13 12  4  8  6 16  3]
 [15 16 14 13  7 10  4  2  5  9  8 11  3 12  6  1]
 [ 5  7  1  2 16 14 15  9  4 12  6  3 10 11 13  8]
 [ 4 10  8 11  6  5  3 12 13  7  1 15  9 16 14  2]
 [ 3  6 12  9  8 11 13  1 14 16  2 10  4  5  7 15]]

[[ 1  2  3  4  5  6  7  8  9 10 11 12 13 14 15 16]
 [ 7  8 15 16 11  2 14  3  1  5 13  6 12 10  9  4]
 [10  5 13 12  9 16  1  4 15  2  7 14  6 11  3  8]
 [14 11  9  6 10 15 12 13  8  4  3 16  2  1  5  7]
 [ 2  4  6 14 15 13  8 16 10  1  5  9  7  3 11 12]
 [16 13  7  1 12  3  9  6 11 15 14  2  5  4  8 10]
 [12  3 11  8  2  4  5 10  7  6 16 13 14 15  1  9]
 [ 9 15 10  5 14  1 11  7 12  3  4  8 16 13  2  6]
 [ 8  9 16 15  3 12  2  5  6 14 10  1 11  7  4 13]
 [13 12  2  3  4  7  6 11 16  8 15  5  1  9 10 14]
 [ 6  1  4 10 13  8 16 14  3 11  9  7 15  2 12  5]
 [11 14  5  7  1  9 10 15  2 13 12  4  8  6 16  3]
 [15 16 14 13  7 10  4  2  5  9  8 11  3 12  6  1]
 [ 5  7  1  2 16 14 15  9  4 12  6  3 10  8 13 11]
 [ 4 10  8 11  6  5  3 12 13  7  1 15  9 16 14  2]
 [ 3  6 12  9  8 11 13  1 14 16  2 10  4  5  7 15]]

[[ 1  2  3  4  5  6  7  8  9 10 11 12 13 14 15 16]
 [ 7  8 16 15 11  2 14  3  1  5 13  6 12 10  9  4]
 [10  5 13 12  9 16  1  4 15  2  7 14  6 11  3  8]
 [14 11  9  6 10 15 12 13  8  4  3 16  2  1  5  7]
 [ 2  4  6 14 15 13  8 16 10  1  5  9  7  3 11 12]
 [16 13  7  1  6  3  9 12 11 15 14  2  5  4  8 10]
 [12  3 11  8  2  4  5 10  7  6 16 13 14 15  1  9]
 [ 9 15 10  5 14  1 11  7 12  3  4  8 16 13  2  6]
 [ 8  9 15 16  3 12  2  5  6 14 10  1 11  7  4 13]
 [13 12  2  3  4  7  6 11 16  8 15  5  1  9 10 14]
 [ 6  1  4 10 13  8 16 14  3 11  9  7 15  2 12  5]
 [11 14  5  7  1  9 10 15  2 13 12  4  8  6 16  3]
 [15 16 14 13  7 10  4  2  5  9  8 11  3 12  6  1]
 [ 5  7  1  2 16 14 15  9  4 12  6  3 10  8 13 11]
 [ 4 10  8 11 12  5  3  6 13  7  1 15  9 16 14  2]
 [ 3  6 12  9  8 11 13  1 14 16  2 10  4  5  7 15]]

[[ 1  2  3  4  5  6  7  8  9 10 11 12 13 14 15 16]
 [ 7  8 15 16 11  2 14  3 13  5  1  6 12 10  9  4]
 [10  5 13 12  9 16  1  4 15  2  7 14  6  8  3 11]
 [14 11  9  6 10 15 12 13  8  4  3 16  2  1  5  7]
 [ 2  4  6 14 15 13  8 16 10  1  5  9  7  3 11 12]
 [16 13  7  1  6  3  9 12 11 15 14  2  5  4  8 10]
 [12  3 11  8  2  4  5 10  7  6 16 13 14 15  1  9]
 [ 9 15 10  5 14  1 11  7 12  3  4  8 16 13  2  6]
 [ 8  9 16 15  3 12  2  5  6 14 10  1 11  7  4 13]
 [13 12  2  3  4  7  6 11 16  8 15  5  1  9 10 14]
 [ 6  1  4 10 13  8 16 14  3 11  9  7 15  2 12  5]
 [11 14  5  7  1  9 10 15  2 13 12  4  8  6 16  3]
 [15 16 14 13  7 10  4  2  5  9  8 11  3 12  6  1]
 [ 5  7  1  2 16 14 15  9  4 12  6  3 10 11 13  8]
 [ 4 10  8 11 12  5  3  6  1  7 13 15  9 16 14  2]
 [ 3  6 12  9  8 11 13  1 14 16  2 10  4  5  7 15]]

[[ 1  2  3  4  5  6  7  8  9 10 11 12 13 14 15 16]
 [ 7  8 15 16 11  2 14  3  1  5 13  6 12  9 10  4]
 [10  5 13 12  9 16  1  4 15  2  7 14  6 11  3  8]
 [14 11  9  6 10 15 12 13  8  4  3 16  2  1  5  7]
 [ 2  4  6 14 15 13  8 16 10  1  5  9  7  3 11 12]
 [16 13  7  1  6  3  9 12 11 15 14  2  5  4  8 10]
 [12  3 11  8  2  4  5 10  7  6 16 13 14 15  1  9]
 [ 9 15 10  5 14  1 11  7 12  3  4  8 16 13  2  6]
 [ 8  9 16 15  3 12  2  5  6 14 10  1 11  7  4 13]
 [13 12  2  3  4  7  6 11 16  8 15  5  1 10  9 14]
 [ 6  1  4 10 13  8 16 14  3 11  9  7 15  2 12  5]
 [11 14  5  7  1  9 10 15  2 13 12  4  8  6 16  3]
 [15 16 14 13  7 10  4  2  5  9  8 11  3 12  6  1]
 [ 5  7  1  2 16 14 15  9  4 12  6  3 10  8 13 11]
 [ 4 10  8 11 12  5  3  6 13  7  1 15  9 16 14  2]
 [ 3  6 12  9  8 11 13  1 14 16  2 10  4  5  7 15]]

[[ 1  2  3  4  5  6  7  8  9 10 11 12 13 14 15 16]
 [ 7  8 15 16 11  2 14  3  6  5 13  1 12  9 10  4]
 [10  5 13 12  9 16  1  4 15  2  7 14  6 11  3  8]
 [14 11  9  6 10 15 12 13  8  4  3 16  2  1  5  7]
 [ 2  4  6 14 15 13  8 16 10  1  5  9  7  3 11 12]
 [16 13  7  1  6  3  9 12 11 15 14  2  5  4  8 10]
 [12  3 11  8  2  4  5 10  7  6 16 13 14 15  1  9]
 [ 9 15 10  5 14  1 11  7 12  3  4  8 16 13  2  6]
 [ 8  9 16 15  3 12  2  5  1 14 10  6 11  7  4 13]
 [13 12  2  3  4  7  6 11 16  8 15  5  1 10  9 14]
 [ 6  1  4 10 13  8 16 14  3 11  9  7 15  2 12  5]
 [11 14  5  7  1  9 10 15  2 13 12  4  8  6 16  3]
 [15 16 14 13  7 10  4  2  5  9  8 11  3 12  6  1]
 [ 5  7  1  2 16 14 15  9  4 12  6  3 10  8 13 11]
 [ 4 10  8 11 12  5  3  6 13  7  1 15  9 16 14  2]
 [ 3  6 12  9  8 11 13  1 14 16  2 10  4  5  7 15]]

[[ 1  2  3  4  5  6  7  8  9 10 11 12 13 14 15 16]
 [ 7  8 16 15 11  2 14  3  1  5 13  6 12  4  9 10]
 [10  5 13 12  9 16  1  4 15  2  7 14  6 11  3  8]
 [14 11  9  6 10 15 12 13  8  4  3 16  2  1  5  7]
 [ 2  4  6 14 15 13  8 16 10  1  5  9  7  3 11 12]
 [16 13  7  1  6  3  9 12 11 15 14  2  5 10  8  4]
 [12  3 11  8  2  4  5 10  7  6 16 13 14 15  1  9]
 [ 9 15 10  5 14  1 11  7 12  3  4  8 16 13  2  6]
 [ 8  9 15 16  3 12  2  5  6 14 10  1 11  7  4 13]
 [13 12  2  3  4  7  6 11 16  8 15  5  1  9 10 14]
 [ 6  1  4 10 13  8 16 14  3 11  9  7 15  2 12  5]
 [11 14  5  7  1  9 10 15  2 13 12  4  8  6 16  3]
 [15 16 14 13  7 10  4  2  5  9  8 11  3 12  6  1]
 [ 5  7  1  2 16 14 15  9  4 12  6  3 10  8 13 11]
 [ 4 10  8 11 12  5  3  6 13  7  1 15  9 16 14  2]
 [ 3  6 12  9  8 11 13  1 14 16  2 10  4  5  7 15]]

[[ 1  2  3  4  5  6  7  8  9 10 11 12 13 14 15 16]
 [ 7  8 15 16 11  2 14  3  1  5 13  6 12 10  9  4]
 [10  5 13 12  9 16  1  4 15  2  7 14  6  8  3 11]
 [14 11  9  6 10 15 12 13  8  4  3 16  2  1  5  7]
 [ 2  4  6 14 15 13  8 16 10  1  5  9  7  3 11 12]
 [16 13  7  1 12  3  9  6 11 15 14  2  4  5  8 10]
 [12  3 11  8  2  4  5 10  7  6 16 13 14 15  1  9]
 [ 9 15 10  5 14  1 11  7 12  3  4  8 16 13  2  6]
 [ 8  9 16 15  3 12  2  5  6 14 10  1 11  7  4 13]
 [13 12  2  3  4  7  6 11 16  8 15  5  1  9 10 14]
 [ 6  1  4 10 13  8 16 14  3 11  9  7 15  2 12  5]
 [11 14  5  7  1  9 10 15  2 13 12  4  8  6 16  3]
 [15 16 14 13  7 10  4  2  5  9  8 11  3 12  6  1]
 [ 5  7  1  2 16 14 15  9  4 12  6  3 10 11 13  8]
 [ 4 10  8 11  6  5  3 12 13  7  1 15  9 16 14  2]
 [ 3  6 12  9  8 11 13  1 14 16  2 10  5  4  7 15]]

[[ 1  2  3  4  5  6  7  8  9 10 11 12 13 14 15 16]
 [ 7  8 15 16 11  2 14  3  1  5 13  6 12 10  9  4]
 [10  5 13 12  9 16  1  4 15  2  7 14  6  8  3 11]
 [14 11  9  6 10 15 12 13  8  4  3 16  2  1  5  7]
 [ 2  4  6 14 15 13  8 16 10  1  5  9  7  3 11 12]
 [16 13  7  1 12  3  9  6 11 15 14  2  4  5  8 10]
 [12  3 11  8  2  4  5 10  7  6 16 13 14 15  1  9]
 [ 9 15 10  5 14  1 11  7 12  3  4  8 16 13  2  6]
 [ 8  9 16 15  3  5  2 12  6 14 10  1 11  7  4 13]
 [13 12  2  3  4  7  6 11 16  8 15  5  1  9 10 14]
 [ 6  1  4 10 13  8 16 14  3 11  9  7 15  2 12  5]
 [11 14  5  7  1  9 10 15  2 13 12  4  8  6 16  3]
 [15 16 14 13  7 10  4  2  5  9  8 11  3 12  6  1]
 [ 5  7  1  2 16 14 15  9  4 12  6  3 10 11 13  8]
 [ 4 10  8 11  6 12  3  5 13  7  1 15  9 16 14  2]
 [ 3  6 12  9  8 11 13  1 14 16  2 10  5  4  7 15]]

[[ 1  2  3  4  5  6  7  8  9 10 11 12 13 14 15 16]
 [ 7  8 15 16 11  2 14  3  1  5 13  6 12  4  9 10]
 [10  5 13 12  9 16  1  4 15  2  7 14  6 11  3  8]
 [14 11  9  6 10 15 12 13  8  4  3 16  2  1  5  7]
 [ 2  4  6 14 15 13  8 16 10  1  5  9  7  3 11 12]
 [16 13  7  1  6  3  9 12 11 15 14  2  5 10  8  4]
 [12  3 11  8  2  4  5 10  7  6 16 13 14 15  1  9]
 [ 9 15 10  5 14  1 11  7 12  3  4  8 16 13  2  6]
 [ 8  9 16 15  3 12  2  5  6 14 10  1 11  7  4 13]
 [13 12  2  3  4  7  6 11 16  8 15  5  1  9 10 14]
 [ 6  1  4 10 13  8 16 14  3 11  9  7 15  2 12  5]
 [11 14  5  7  1  9 10 15  2 13 12  4  8  6 16  3]
 [15 16 14 13  7 10  4  2  5  9  8 11  3 12  6  1]
 [ 5  7  1  2 16 14 15  9  4 12  6  3 10  8 13 11]
 [ 4 10  8 11 12  5  3  6 13  7  1 15  9 16 14  2]
 [ 3  6 12  9  8 11 13  1 14 16  2 10  4  5  7 15]]

[[ 1  2  3  4  5  6  7  8  9 10 11 12 13 14 15 16]
 [ 7  8 16 15 11  2 14  3  1  5 13  6 12  4  9 10]
 [10  5 13 12  9 16  1  4 15  2  7 14  6 11  3  8]
 [14 11  9  6 10 15 12 13  8  4  3 16  2  1  5  7]
 [ 2  4  6 14 15 13  8 16 10  1  5  9  7  3 11 12]
 [16 13  7  1  6  3  9 12 11 15 14  2  5 10  8  4]
 [12  3 11  8  2  4  5 10  7  6 16 13 14 15  1  9]
 [ 9 15 10  5 14  1 11  7 12  3  4  8 16 13  2  6]
 [ 8  9 15 16  3 12  2  5  6 14 10  1 11  7  4 13]
 [13 12  2  3  4  7  6 11 16  8 15  5  1  9 10 14]
 [ 6  1  4 10 13  8 16 14  3 11  9  7 15  2 12  5]
 [11 14  5  7  1  9 10 15  2 13 12  4  8  6 16  3]
 [15 16 14 13  7 10  4  2  5  9  8 11  3 12  6  1]
 [ 5  7  1 11 16 14 15  9  4 12  6  3 10  8 13  2]
 [ 4 10  8  2 12  5  3  6 13  7  1 15  9 16 14 11]
 [ 3  6 12  9  8 11 13  1 14 16  2 10  4  5  7 15]]

[[ 1  2  3  4  5  6  7  8  9 10 11 12 13 14 15 16]
 [ 7  8 15 16 11  2 14  3  1  5 13  6 12 10  9  4]
 [10  5 13 12  9 16  1  4 15  2  7 14  6  8  3 11]
 [14 11  9  6 10 15 12 13  8  4  3 16  2  1  5  7]
 [ 2  4  6 14 15 13  8 16 10  1  5  9  7  3 11 12]
 [16 13 11  1 12  3  9  6  7 15 14  2  5  4  8 10]
 [12  3  7  8  2  4  5 10 11  6 16 13 14 15  1  9]
 [ 9 15 10  5 14  1 11  7 12  3  4  8 16 13  2  6]
 [ 8  9 16 15  3 12  2  5  6 14 10  1 11  7  4 13]
 [13 12  2  3  4  7  6 11 16  8 15  5  1  9 10 14]
 [ 6  1  4 10 13  8 16 14  3 11  9  7 15  2 12  5]
 [11 14  5  7  1  9 10 15  2 13 12  4  8  6 16  3]
 [15 16 14 13  7 10  4  2  5  9  8 11  3 12  6  1]
 [ 5  7  1  2 16 14 15  9  4 12  6  3 10 11 13  8]
 [ 4 10  8 11  6  5  3 12 13  7  1 15  9 16 14  2]
 [ 3  6 12  9  8 11 13  1 14 16  2 10  4  5  7 15]]

[[ 1  2  3  4  5  6  7  8  9 10 11 12 13 14 15 16]
 [ 7  8 15 16 14  2 11  3  1  5 13  6 12 10  9  4]
 [10  5 13 12  9 16  1  4 15  2  7 14  6  8  3 11]
 [14 11  9  6 10 15 12 13  8  4  3 16  2  1  5  7]
 [ 2  4  6 14 15 13  8 16 10  1  5  9  7  3 11 12]
 [16 13  7  1  6  3  9 12 11 15 14  2  5  4  8 10]
 [12  3 11  8  2  4  5 10  7  6 16 13 14 15  1  9]
 [ 9 15 10  5 11  1 14  7 12  3  4  8 16 13  2  6]
 [ 8  9 16 15  3 12  2  5  6 14 10  1 11  7  4 13]
 [13 12  2  3  4  7  6 11 16  8 15  5  1  9 10 14]
 [ 6  1  4 10 13  8 16 14  3 11  9  7 15  2 12  5]
 [11 14  5  7  1  9 10 15  2 13 12  4  8  6 16  3]
 [15 16 14 13  7 10  4  2  5  9  8 11  3 12  6  1]
 [ 5  7  1  2 16 14 15  9  4 12  6  3 10 11 13  8]
 [ 4 10  8 11 12  5  3  6 13  7  1 15  9 16 14  2]
 [ 3  6 12  9  8 11 13  1 14 16  2 10  4  5  7 15]]

[[ 1  2  3  4  5  6  7  8  9 10 11 12 13 14 15 16]
 [ 7  8 15 16 11  2 14  3  1  5 13  6 12 10  9  4]
 [10  5 13 12  9 16  1  4 15  2  7 14  3  8  6 11]
 [14 11  9  6 10 15 12 13  8  4  3 16  2  1  5  7]
 [ 2  4  6 14 15 13  8 16 10  1  5  9  7  3 11 12]
 [16 13  7  1 12  3  9  6 11 15 14  2  5  4  8 10]
 [12  3 11  8  2  4  5 10  7  6 16 13 14 15  1  9]
 [ 9 15 10  5 14  1 11  7 12  3  4  8 16 13  2  6]
 [ 8  9 16 15  3 12  2  5  6 14 10  1 11  7  4 13]
 [13 12  2  3  4  7  6 11 16  8 15  5  1  9 10 14]
 [ 6  1  4 10 13  8 16 14  3 11  9  7 15  2 12  5]
 [11 14  5  7  1  9 10 15  2 13 12  4  8  6 16  3]
 [15 16 14 13  7 10  4  2  5  9  8 11  6 12  3  1]
 [ 5  7  1  2 16 14 15  9  4 12  6  3 10 11 13  8]
 [ 4 10  8 11  6  5  3 12 13  7  1 15  9 16 14  2]
 [ 3  6 12  9  8 11 13  1 14 16  2 10  4  5  7 15]]

[[ 1  2  3  4  5  6  7  8  9 10 11 12 13 14 15 16]
 [ 7  8 16 15 11  2 14  3  1  5 13  6 12 10  9  4]
 [10  5 13 12  9 16  1  4 15  2  7 14  6  3 11  8]
 [14 11  9  6 10 15 12 13  8  4  3 16  2  1  5  7]
 [ 2  4  6 14 15 13  8 16 10  1  5  9  7 11  3 12]
 [16 13  7  1  6  3  9 12 11 15 14  2  5  4  8 10]
 [12  3 11  8  2  4  5 10  7  6 16 13 14 15  1  9]
 [ 9 15 10  5 14  1 11  7 12  3  4  8 16 13  2  6]
 [ 8  9 15 16  3 12  2  5  6 14 10  1 11  7  4 13]
 [13 12  2  3  4  7  6 11 16  8 15  5  1  9 10 14]
 [ 6  1  4 10 13  8 16 14  3 11  9  7 15  2 12  5]
 [11 14  5  7  1  9 10 15  2 13 12  4  8  6 16  3]
 [15 16 14 13  7 10  4  2  5  9  8 11  3 12  6  1]
 [ 5  7  1  2 16 14 15  9  4 12  6  3 10  8 13 11]
 [ 4 10  8 11 12  5  3  6 13  7  1 15  9 16 14  2]
 [ 3  6 12  9  8 11 13  1 14 16  2 10  4  5  7 15]]

[[ 1  2  3  4  5  6  7  8  9 10 11 12 13 14 15 16]
 [ 7  8 15 16 11  2 14  3  1  5 13  6 12 10  9  4]
 [10  5 13 12  9 16  1  4 15  2  7 14  6  8  3 11]
 [14 11  9  6 10 15 12 13  8  4  3 16  2  1  5  7]
 [ 2  4  6 14 15 13  8 16 10  1  5  9  7  3 11 12]
 [16 13  7  1 12  3  9  6 11 15 14  2  5  4  8 10]
 [12  3 11  8  4 10  5  2  7  6 16 13 14 15  1  9]
 [ 9 15 10  5 14  1 11  7 12  3  4  8 16 13  2  6]
 [ 8  9 16 15  3 12  2  5  6 14 10  1 11  7  4 13]
 [13 12  2  3  7  4  6 11 16  8 15  5  1  9 10 14]
 [ 6  1  4 10 13  8 16 14  3 11  9  7 15  2 12  5]
 [11 14  5  7  1  9 10 15  2 13 12  4  8  6 16  3]
 [15 16 14 13  2  7  4 10  5  9  8 11  3 12  6  1]
 [ 5  7  1  2 16 14 15  9  4 12  6  3 10 11 13  8]
 [ 4 10  8 11  6  5  3 12 13  7  1 15  9 16 14  2]
 [ 3  6 12  9  8 11 13  1 14 16  2 10  4  5  7 15]]

[[ 1  2  3  4  5  6  7  8  9 10 11 12 13 14 15 16]
 [ 7  8 15 16 11  2 14  3 13  5  1  6 12 10  9  4]
 [10  5 13 12  9 16  1  4 15  2  7 14  6  8  3 11]
 [14 11  9  6 10 15 12 13  8  4  3 16  2  1  5  7]
 [ 2  4  6 14 15 13  8 16 10  1  5  9  7  3 11 12]
 [16 13  7  1  6  3  9 12 11 15 14  2  5  4  8 10]
 [12  3 11  8  2  4  5 10  7  6 16 13 14 15  1  9]
 [ 9 15 10  5 14  1 11  7 12  3  4  8 16 13  2  6]
 [ 8  9 16 15  3 12  2  5  6 14 10  1 11  7  4 13]
 [13 12  2  3  4  7  6 11 16  8 15  5  1  9 10 14]
 [ 6  1  4 10 13  8 16 14  3 11  9  7 15  2 12  5]
 [11 14  5  7  1  9 10 15  2 13 12  4  8  6 16  3]
 [15 16 14 13  7 11  4  2  5  9  8 10  3 12  6  1]
 [ 5  7  1  2 16 14 15  9  4 12  6  3 10 11 13  8]
 [ 4 10  8 11 12  5  3  6  1  7 13 15  9 16 14  2]
 [ 3  6 12  9  8 10 13  1 14 16  2 11  4  5  7 15]]

[[ 1  2  3  4  5  6  7  8  9 10 11 12 13 14 15 16]
 [ 7  8 15 16 11  2 14  3  1  5 13  6 12  4  9 10]
 [10  5 13 12  9 16  1  4 15  2  7 14  6 11  3  8]
 [14 11  9  6 10 15 12 13  8  4  3 16  2  1  5  7]
 [ 2  4  6 14 15 13  8 16 10  1  5  9  7  3 11 12]
 [16 13  7  1  6  3  9 12 11 15 14  2  5 10  8  4]
 [12  3 11  8  2  4  5 10  7  6 16 13 14 15  1  9]
 [ 9 15 10  5 14  1 11  7 12  3  4  8 16 13  2  6]
 [ 8  9 16 15  3 12  2  5  6 14 10  1 11  7  4 13]
 [13 12  2  3  4  7  6 11 16  8 15  5  1  9 10 14]
 [ 6  1  4 10 13  8 16 14  3 11  9  7 15  2 12  5]
 [11 14  5  7  1  9 10 15  2 13 12  4  8  6 16  3]
 [15 16 14 13  7 11  4  2  5  9  8 10  3 12  6  1]
 [ 5  7  1  2 16 14 15  9  4 12  6  3 10  8 13 11]
 [ 4 10  8 11 12  5  3  6 13  7  1 15  9 16 14  2]
 [ 3  6 12  9  8 10 13  1 14 16  2 11  4  5  7 15]]

[[ 1  2  3  4  5  6  7  8  9 10 11 12 13 14 15 16]
 [ 7  8 16 15 11  2 14  3  1  5 13  6 12  4  9 10]
 [10  5 13 12  9 16  1  4 15  2  7 14  6 11  3  8]
 [14 11  9  6 10 15 12 13  8  4  3 16  2  1  5  7]
 [ 2  4  6 14 15 13  8 16 10  1  5  9  7  3 11 12]
 [16 13 11  1  6  3  9 12  7 15 14  2  5 10  8  4]
 [12  3  7  8  2  4  5 10 11  6 16 13 14 15  1  9]
 [ 9 15 10  5 14  1 11  7 12  3  4  8 16 13  2  6]
 [ 8  9 15 16  3 12  2  5  6 14 10  1 11  7  4 13]
 [13 12  2  3  4  7  6 11 16  8 15  5  1  9 10 14]
 [ 6  1  4 10 13  8 16 14  3 11  9  7 15  2 12  5]
 [11 14  5  7  1  9 10 15  2 13 12  4  8  6 16  3]
 [15 16 14 13  7 10  4  2  5  9  8 11  3 12  6  1]
 [ 5  7  1  2 16 14 15  9  4 12  6  3 10  8 13 11]
 [ 4 10  8 11 12  5  3  6 13  7  1 15  9 16 14  2]
 [ 3  6 12  9  8 11 13  1 14 16  2 10  4  5  7 15]]

[[ 1  2  3  4  5  6  7  8  9 10 11 12 13 14 15 16]
 [ 7  8 15 16 11  2 14  3  1  5 13  6 12  4  9 10]
 [10  5 13 12  9 16  1  4 15  2  7 14  6 11  3  8]
 [14 11  9  6 10 15 12 13  8  3  4 16  2  1  5  7]
 [ 2  4  6 14 15 13  8 16 10  1  5  9  7  3 11 12]
 [16 13  7  1  6  3  9 12 11 15 14  2  5 10  8  4]
 [12  3 11  8  2  4  5 10  7  6 16 13 14 15  1  9]
 [ 9 15 10  5 14  1 11  7 12  4  3  8 16 13  2  6]
 [ 8  9 16 15  3 12  2  5  6 14 10  1 11  7  4 13]
 [13 12  2  3  4  7  6 11 16  8 15  5  1  9 10 14]
 [ 6  1  4 10 13  8 16 14  3 11  9  7 15  2 12  5]
 [11 14  5  7  1  9 10 15  2 13 12  4  8  6 16  3]
 [15 16 14 13  7 10  4  2  5  9  8 11  3 12  6  1]
 [ 5  7  1  2 16 14 15  9  4 12  6  3 10  8 13 11]
 [ 4 10  8 11 12  5  3  6 13  7  1 15  9 16 14  2]
 [ 3  6 12  9  8 11 13  1 14 16  2 10  4  5  7 15]]

[[ 1  2  3  4  5  6  7  8  9 10 11 12 13 14 15 16]
 [ 7  8 16 15 11  2 14  3  6  5 13  1 12 10  9  4]
 [10  5 13 12  9 16  1  4 15  2  7 14  6 11  3  8]
 [14 11  9  6 10 15 12 13  8  4  3 16  2  1  5  7]
 [ 2  4  6 14 15 13  8 16 10  1  5  9  7  3 11 12]
 [16 13  7  1  6  3  9 12 11 15 14  2  5  4  8 10]
 [12  3 11  8  2  4  5 10  7  6 16 13 14 15  1  9]
 [ 9 15 10  5 14  1 11  7 12  3  4  8 16 13  2  6]
 [ 8  9 15 16  3 12  2  5  1 14 10  6 11  7  4 13]
 [13 12  2  3  4  7  6 11 16  8 15  5  1  9 10 14]
 [ 6  1  4 10 13  8 16 14  3 11  9  7 15  2 12  5]
 [11 14  5  7  1  9 10 15  2 13 12  4  8  6 16  3]
 [15 16 14 13  7 10  4  2  5  9  8 11  3 12  6  1]
 [ 5  7  1  2 16 14 15  9  4 12  6  3 10  8 13 11]
 [ 4 10  8 11 12  5  3  6 13  7  1 15  9 16 14  2]
 [ 3  6 12  9  8 11 13  1 14 16  2 10  4  5  7 15]]

[[ 1  2  3  4  5  6  7  8  9 10 11 12 13 14 15 16]
 [ 7  8 16 15 11  2 14  3  6  5 13  1 12  4  9 10]
 [10  5 13 12  9 16  1  4 15  2  7 14  6 11  3  8]
 [14 11  9  6 10 15 12 13  8  4  3 16  2  1  5  7]
 [ 2  4  6 14 15 13  8 16 10  1  5  9  7  3 11 12]
 [16 13 11  1  6  3  9 12  7 15 14  2  5 10  8  4]
 [12  3  7  8  2  4  5 10 11  6 16 13 14 15  1  9]
 [ 9 15 10  5 14  1 11  7 12  3  4  8 16 13  2  6]
 [ 8  9 15 16  3 12  2  5  1 14 10  6 11  7  4 13]
 [13 12  2  3  4  7  6 11 16  8 15  5  1  9 10 14]
 [ 6  1  4 10 13  8 16 14  3 11  9  7 15  2 12  5]
 [11 14  5  7  1  9 10 15  2 13 12  4  8  6 16  3]
 [15 16 14 13  7 10  4  2  5  9  8 11  3 12  6  1]
 [ 5  7  1  2 16 14 15  9  4 12  6  3 10  8 13 11]
 [ 4 10  8 11 12  5  3  6 13  7  1 15  9 16 14  2]
 [ 3  6 12  9  8 11 13  1 14 16  2 10  4  5  7 15]]

[[ 1  2  3  4  5  6  7  8  9 10 11 12 13 14 15 16]
 [ 7  8 15 16 11  2 14  3  1  5 13  6 12  4  9 10]
 [10  5 13 12  9 16  1  4 15  2  7 14  6 11  3  8]
 [14 11  9  6 10 15 12 13  8  3  4 16  2  1  5  7]
 [ 2  4  6 14 15 13  8 16 10  1  5  9  7  3 11 12]
 [16 13  7  1  6  3  9 12 11 15 14  2  5 10  8  4]
 [12  3 11  8  2  4  5 10  7  6 16 13 14 15  1  9]
 [ 9 15 10  5 14  1 11  7  4 12  3  8 16 13  2  6]
 [ 8  9 16 15  3 12  2  5  6 14 10  1 11  7  4 13]
 [13 12  2  3  4  7  6 11 16  8 15  5  1  9 10 14]
 [ 6  1  4 10 13  8 16 14  3 11  9  7 15  2 12  5]
 [11 14  5  7  1  9 10 15  2 13 12  4  8  6 16  3]
 [15 16 14 13  7 10  4  2  5  9  8 11  3 12  6  1]
 [ 5  7  1  2 16 14 15  9 12  4  6  3 10  8 13 11]
 [ 4 10  8 11 12  5  3  6 13  7  1 15  9 16 14  2]
 [ 3  6 12  9  8 11 13  1 14 16  2 10  4  5  7 15]]

[[ 1  2  3  4  5  6  7  8  9 10 11 12 13 14 15 16]
 [ 7  8 15 16 11  2 14  3  1  5 13  6 12 10  9  4]
 [10  5 13 12  9 16  1  4 15  2  7 14  3  8  6 11]
 [14 11  9  6 10 15 12 13  8  4  3 16  2  1  5  7]
 [ 2  4  6 14 15 13  8 16 10  1  5  9  7  3 11 12]
 [16 13  7  1 12  3  9  6 11 15 14  2  5  4  8 10]
 [12  3 11  8  2  4  5 10  7  6 16 13 14 15  1  9]
 [ 9 15 10  5 14  1 11  7 12  3  4  8 16 13  2  6]
 [ 8  9 16 15  3  5  2 12  6 14 10  1 11  7  4 13]
 [13 12  2  3  4  7  6 11 16  8 15  5  1  9 10 14]
 [ 6  1  4 10 13  8 16 14  3 11  9  7 15  2 12  5]
 [11 14  5  7  1  9 10 15  2 13 12  4  8  6 16  3]
 [15 16 14 13  7 10  4  2  5  9  8 11  6 12  3  1]
 [ 5  7  1  2 16 14 15  9  4 12  6  3 10 11 13  8]
 [ 4 10  8 11  6 12  3  5 13  7  1 15  9 16 14  2]
 [ 3  6 12  9  8 11 13  1 14 16  2 10  4  5  7 15]]

[[ 1  2  3  4  5  6  7  8  9 10 11 12 13 14 15 16]
 [ 7  8 15 16 11  2 14  3  1  5 13  6 12  4  9 10]
 [10  5 13 12  9 16  1  4 15  2  7 14  6 11  3  8]
 [11 14  9  6 10 15 12 13  8  3  4 16  2  1  5  7]
 [ 2  4  6 14 15 13  8 16 10  1  5  9  7  3 11 12]
 [16 13  7  1  6  3  9 12 11 15 14  2  5 10  8  4]
 [12  3 11  8  2  4  5 10  7  6 16 13 14 15  1  9]
 [ 9 15 10  5 14  1 11  7  4 12  3  8 16 13  2  6]
 [ 8  9 16 15  3 12  2  5  6 14 10  1 11  7  4 13]
 [13 12  2  3  4  7  6 11 16  8 15  5  1  9 10 14]
 [ 6  1  4 10 13  8 16 14  3 11  9  7 15  2 12  5]
 [14 11  5  7  1  9 10 15  2 13 12  4  8  6 16  3]
 [15 16 14 13  7 10  4  2  5  9  8 11  3 12  6  1]
 [ 5  7  1  2 16 14 15  9 12  4  6  3 10  8 13 11]
 [ 4 10  8 11 12  5  3  6 13  7  1 15  9 16 14  2]
 [ 3  6 12  9  8 11 13  1 14 16  2 10  4  5  7 15]]

[[ 1  2  3  4  5  6  7  8  9 10 11 12 13 14 15 16]
 [ 7  8 15 16 14  2 11  3  1  5 13  6 12  4  9 10]
 [10  5 13 12  9 16  1  4 15  2  7 14  6 11  3  8]
 [11 14  9  6 10 15 12 13  8  3  4 16  2  1  5  7]
 [ 2  4  6 14 15 13  8 16 10  1  5  9  7  3 11 12]
 [16 13  7  1  6  3  9 12 11 15 14  2  5 10  8  4]
 [12  3 11  8  2  4  5 10  7  6 16 13 14 15  1  9]
 [ 9 15 10  5 11  1 14  7  4 12  3  8 16 13  2  6]
 [ 8  9 16 15  3 12  2  5  6 14 10  1 11  7  4 13]
 [13 12  2  3  4  7  6 11 16  8 15  5  1  9 10 14]
 [ 6  1  4 10 13  8 16 14  3 11  9  7 15  2 12  5]
 [14 11  5  7  1  9 10 15  2 13 12  4  8  6 16  3]
 [15 16 14 13  7 10  4  2  5  9  8 11  3 12  6  1]
 [ 5  7  1  2 16 14 15  9 12  4  6  3 10  8 13 11]
 [ 4 10  8 11 12  5  3  6 13  7  1 15  9 16 14  2]
 [ 3  6 12  9  8 11 13  1 14 16  2 10  4  5  7 15]]

[[ 1  2  3  4  5  6  7  8  9 10 11 12 13 14 15 16]
 [ 7  8 15 16 11  2 14  3  1  5 13  6 12  4  9 10]
 [10  5 13 12  9 16  1  4 15  2  7 14  6 11  3  8]
 [14 11  9  6 10 15 12 13  8  3  4 16  2  1  5  7]
 [ 2  4  6 14 15 13  8 16 10  1  5  9  7  3 11 12]
 [16 13  7  1 12  3  9  6 11 15 14  2  5 10  8  4]
 [12  3 11  8  2  4  5 10  7  6 16 13 14 15  1  9]
 [ 9 15 10  5 14  1 11  7 12  4  3  8 16 13  2  6]
 [ 8  9 16 15  3 12  2  5  6 14 10  1 11  7  4 13]
 [13 12  2  3  4  7  6 11 16  8 15  5  1  9 10 14]
 [ 6  1  4 10 13  8 16 14  3 11  9  7 15  2 12  5]
 [11 14  5  7  1  9 10 15  2 13 12  4  8  6 16  3]
 [15 16 14 13  7 10  4  2  5  9  8 11  3 12  6  1]
 [ 5  7  1  2 16 14 15  9  4 12  6  3 10  8 13 11]
 [ 4 10  8 11  6  5  3 12 13  7  1 15  9 16 14  2]
 [ 3  6 12  9  8 11 13  1 14 16  2 10  4  5  7 15]]

[[ 1  2  3  4  5  6  7  8  9 10 11 12 13 14 15 16]
 [ 7  8 15 16 11  2 14  3  1  5 13  6 12  4  9 10]
 [10  5 13 12  9 16  1  4 15  2  7 14  6 11  3  8]
 [14 11  9  6 10 15 12 13  8  3  4 16  2  1  5  7]
 [ 2  4  6 14 15 13  8 16 10  1  5  9  7  3 11 12]
 [16 13  7  1  6  3  9 12 11 15 14  2  5 10  8  4]
 [12  3 11  8  2  4  5 10  7  6 16 13 14 15  1  9]
 [ 9 15 10  5 14  1 11  7  4 12  3  8 16 13  2  6]
 [ 8  9 16 15  3 12  2  5  6 14 10  1 11  7  4 13]
 [13 12  2  3  4  7  6 11 16  8 15  5  1  9 10 14]
 [ 6  1  4 10 13  8 16 14  3 11  9  7 15  2 12  5]
 [11 14  5  7  1  9 10 15  2 13 12  4  8  6 16  3]
 [15 16 14 13  7 10  4  2  5  9  8 11  3 12  6  1]
 [ 5  7  1  2 16 14 15  9 12  4  6  3 10  8 13 11]
 [ 4 10 12 11  8  5  3  6 13  7  1 15  9 16 14  2]
 [ 3  6  8  9 12 11 13  1 14 16  2 10  4  5  7 15]]

[[ 1  2  3  4  5  6  7  8  9 10 11 12 13 14 15 16]
 [ 7  8 15 16 11  2 14  3  1  5 13  6 12  4  9 10]
 [10  5 13 12  9 16  1  4 15  2  7 14  6 11  3  8]
 [11 14  9  6 10 15 12 13  8  3  4 16  2  1  5  7]
 [ 2  4  6 14 15 13  8 16 10  1  5  9  7  3 11 12]
 [16 13  7  1  6  3  9 12 11 15 14  2  5 10  8  4]
 [12  3 11  8  2  4  5 10  7  6 16 13 14 15  1  9]
 [ 9 15 10  5 14  1 11  7 12  4  3  8 16 13  2  6]
 [ 8  9 16 15  3 12  2  5  6 14 10  1 11  7  4 13]
 [13 12  2  3  4  7  6 11 16  8 15  5  1  9 10 14]
 [ 6  1  4 10 13  8 16 14  3 11  9  7 15  2 12  5]
 [14 11  5  7  1  9 10 15  2 13 12  4  8  6 16  3]
 [15 16 14 13  7 10  4  2  5  9  8 11  3 12  6  1]
 [ 5  7  1  2 16 14 15  9  4 12  6  3 10  8 13 11]
 [ 4 10  8 11 12  5  3  6 13  7  1 15  9 16 14  2]
 [ 3  6 12  9  8 11 13  1 14 16  2 10  4  5  7 15]]

[[ 1  2  3  4  5  6  7  8  9 10 11 12 13 14 15 16]
 [ 7  8 15 16 11  2 14  3  1  5 13  6 12  4  9 10]
 [10  5 13 12  9 16  1  4 15  2  7 14  6 11  3  8]
 [14 11  9  6 10 15 12 13  8  3  4 16  2  1  5  7]
 [ 2  4  6 14 15 13  8 16 10  1  5  9  7  3 11 12]
 [16 13  7  1 12  3  9  6 11 15 14  2  5 10  8  4]
 [12  3 11  8  2  4  5 10  7  6 16 13 14 15  1  9]
 [ 9 15 10  5 14  1 11  7  4 12  3  8 16 13  2  6]
 [ 8  9 16 15  3 12  2  5  6 14 10  1 11  7  4 13]
 [13 12  2  3  4  7  6 11 16  8 15  5  1  9 10 14]
 [ 6  1  4 10 13  8 16 14  3 11  9  7 15  2 12  5]
 [11 14  5  7  1  9 10 15  2 13 12  4  8  6 16  3]
 [15 16 14 13  7 10  4  2  5  9  8 11  3 12  6  1]
 [ 5  7  1  2 16 14 15  9 12  4  6  3 10  8 13 11]
 [ 4 10  8 11  6  5  3 12 13  7  1 15  9 16 14  2]
 [ 3  6 12  9  8 11 13  1 14 16  2 10  4  5  7 15]]

[[ 1  2  3  4  5  6  7  8  9 10 11 12 13 14 15 16]
 [ 7  8 15 16 11  2 14  3  1  5 13  6 12 10  9  4]
 [10  5 13 12  9 16  1  4 15  2  7 14  3  8  6 11]
 [14 11  9  6 10 15 12 13  8  4  3 16  2  1  5  7]
 [ 2  4  6 14 15 13  8 16 10  1  5  9  7  3 11 12]
 [16 13  7  1 12  3  9  6 11 15 14  2  5  4  8 10]
 [12  3 11  8  2  4  5 10  7  6 16 13 14 15  1  9]
 [ 9 15 10  5 14  1 11  7 12  3  4  8 16 13  2  6]
 [ 8  9 16 15  3  5  2 12  6 14 10  1 11  7  4 13]
 [13 12  2  3  4  7  6 11 16  8 15  5  1  9 10 14]
 [ 6  1  4 10 13  8 16 14  3 11  9  7 15  2 12  5]
 [11 14  5  7  1  9 10 15  2 13 12  4  8  6 16  3]
 [15 16 14 13  7 10  4  2  5  9  8 11  6 12  3  1]
 [ 5  7  1  2 16 14  3  9  4 12  6 15 10 11 13  8]
 [ 4 10  8 11  6 12 15  5 13  7  1  3  9 16 14  2]
 [ 3  6 12  9  8 11 13  1 14 16  2 10  4  5  7 15]]

[[ 1  2  3  4  5  6  7  8  9 10 11 12 13 14 15 16]
 [ 7  8 15 16 11  2 14  3  1  5 13  6 12  4  9 10]
 [10  5 13 12  9 16  1  4 15  2  7 14  6 11  3  8]
 [14 11  9  6 10 15 12 13  8  3  4 16  2  1  5  7]
 [ 2  4  6 14 15 13  8 16 10  1  5  9  7  3 11 12]
 [16 13  7  1 12  3  9  6 11 15 14  2  5 10  8  4]
 [12  3  8 11  2  4  5 10  7  6 16 13 14 15  1  9]
 [ 9 15 10  5 14  1 11  7 12  4  3  8 16 13  2  6]
 [ 8  9 16 15  3 12  2  5  6 14 10  1 11  7  4 13]
 [13 12  2  3  4  7  6 11 16  8 15  5  1  9 10 14]
 [ 6  1  4 10 13  8 16 14  3 11  9  7 15  2 12  5]
 [11 14  5  7  1  9 10 15  2 13 12  4  8  6 16  3]
 [15 16 14 13  7 10  4  2  5  9  8 11  3 12  6  1]
 [ 5  7  1  2 16 14 15  9  4 12  6  3 10  8 13 11]
 [ 4 10 11  8  6  5  3 12 13  7  1 15  9 16 14  2]
 [ 3  6 12  9  8 11 13  1 14 16  2 10  4  5  7 15]]

[[ 1  2  3  4  5  6  7  8  9 10 11 12 13 14 15 16]
 [ 7  8 15 16 11  2 14  3  1  5 13  6 12 10  9  4]
 [10  5 13 12  9 16  1  4 15  2  7 14  3  8  6 11]
 [14 11  9  6 10 15 12 13  8  4  3 16  2  1  5  7]
 [ 2  4  6 14 15 13  8 16 10  1  5  9  7  3 11 12]
 [16 13  7  1 12  3  9  6 11 15 14  2  5  4  8 10]
 [12  3 11  8  2  4  5 10  7  6 16 13 14 15  1  9]
 [ 9 15 10  5 14  7 11  1 12  3  4  8 16 13  2  6]
 [ 8  9 16 15  3  5  2 12  6 14 10  1 11  7  4 13]
 [13 12  2  3  4 11  6  7 16  8 15  5  1  9 10 14]
 [ 6  1  4 10 13  8 16 14  3 11  9  7 15  2 12  5]
 [11 14  5  7  1  9 10 15  2 13 12  4  8  6 16  3]
 [15 16 14 13  7 10  4  2  5  9  8 11  6 12  3  1]
 [ 5  7  1  2 16 14 15  9  4 12  6  3 10 11 13  8]
 [ 4 10  8 11  6 12  3  5 13  7  1 15  9 16 14  2]
 [ 3  6 12  9  8  1 13 11 14 16  2 10  4  5  7 15]]

[[ 1  2  3  4  5  6  7  8  9 10 11 12 13 14 15 16]
 [ 7  8 15 16 11  2 14  3  1  5 13  6 12 10  9  4]
 [10  5 13 12  9 16  1  4 15  2  7 14  3  8  6 11]
 [14 11  9  6 10 15 12 13  8  4  3 16  2  1  5  7]
 [ 2  4  6 14 15 13  8  7 10  1  5  9 16  3 11 12]
 [16 13  7  1 12  3  9  6 11 15 14  2  5  4  8 10]
 [12  3 11  8  2  4  5 10  7  6 16 13 14 15  1  9]
 [ 9 15 10  5 14  1 11 16 12  3  4  8  7 13  2  6]
 [ 8  9 16 15  3  5  2 12  6 14 10  1 11  7  4 13]
 [13 12  2  3  4  7  6 11 16  8 15  5  1  9 10 14]
 [ 6  1  4 10 13  8 16 14  3 11  9  7 15  2 12  5]
 [11 14  5  7  1  9 10 15  2 13 12  4  8  6 16  3]
 [15 16 14 13  7 10  4  2  5  9  8 11  6 12  3  1]
 [ 5  7  1  2 16 14 15  9  4 12  6  3 10 11 13  8]
 [ 4 10  8 11  6 12  3  5 13  7  1 15  9 16 14  2]
 [ 3  6 12  9  8 11 13  1 14 16  2 10  4  5  7 15]]

[[ 1  2  3  4  5  6  7  8  9 10 11 12 13 14 15 16]
 [ 7  8 15 16 11  2 14  3 13  5  1  6 12 10  9  4]
 [10  5 13 12  9 16  1  4 15  2  7 14  6  8  3 11]
 [14 11  9  6 10 15 12 13  8  4  3 16  2  1  5  7]
 [ 2  4  6 14 15 13  8 16 10  1  5  9  7  3 11 12]
 [16 13  7  1  6  3  9 12 11 15 14  2  5  4  8 10]
 [12  3  8 11  2  4  5 10  7  6 16 13 14 15  1  9]
 [ 9 15 10  5 14  1 11  7 12  3  4  8 16 13  2  6]
 [ 8  9 16 15  3 12  2  5  6 14 10  1 11  7  4 13]
 [13 12  2  3  4  7  6 11 16  8 15  5  1  9 10 14]
 [ 6  1  4 10 13  8 16 14  3 11  9  7 15  2 12  5]
 [11 14  5  7  1  9 10 15  2 13 12  4  8  6 16  3]
 [15 16 14 13  7 10  4  2  5  9  8 11  3 12  6  1]
 [ 5  7  1  2 16 14 15  9  4 12  6  3 10 11 13  8]
 [ 4 10 11  8 12  5  3  6  1  7 13 15  9 16 14  2]
 [ 3  6 12  9  8 11 13  1 14 16  2 10  4  5  7 15]]

[[ 1  2  3  4  5  6  7  8  9 10 11 12 13 14 15 16]
 [ 7  8 15 16 11  2 14  3  1  5 13  6 12  4  9 10]
 [10  5 13 12  9 16  1  4 15  2  7 14  6 11  3  8]
 [14 11  9  6 10 15 12 13  8  3  4 16  2  1  5  7]
 [ 2  4  6 14 15 13  8 16 10  1  5  9  7  3 11 12]
 [16 13  7  1 12  3  9  6 11 15 14  2  5 10  8  4]
 [12  3  8 11  2  4  5 10  7  6 16 13 14 15  1  9]
 [ 9 15 10  5 14  1 11  7 12  4  3  8 16 13  2  6]
 [11  9 16 15  3 12  2  5  6 14 10  1  8  7  4 13]
 [13 12  2  3  4  7  6 11 16  8 15  5  1  9 10 14]
 [ 6  1  4 10 13  8 16 14  3 11  9  7 15  2 12  5]
 [ 8 14  5  7  1  9 10 15  2 13 12  4 11  6 16  3]
 [15 16 14 13  7 10  4  2  5  9  8 11  3 12  6  1]
 [ 5  7  1  2 16 14 15  9  4 12  6  3 10  8 13 11]
 [ 4 10 11  8  6  5  3 12 13  7  1 15  9 16 14  2]
 [ 3  6 12  9  8 11 13  1 14 16  2 10  4  5  7 15]]

[[ 1  2  3  4  5  6  7  8  9 10 11 12 13 14 15 16]
 [ 7  8 15 16 11  2 14  3  1  5 13  6 12  4  9 10]
 [10  5 13 12  9 16  1  4 15  2  7 14  6  8  3 11]
 [14 11  9  6 10 15 12 13  8  3  4 16  2  1  5  7]
 [ 2  4  6 14 15 13  8 16 10  1  5  9  7  3 11 12]
 [16 13  7  1 12  3  9  6 11 15 14  2  5 10  8  4]
 [12  3  8 11  2  4  5 10  7  6 16 13 14 15  1  9]
 [ 9 15 10  5 14  1 11  7 12  4  3  8 16 13  2  6]
 [ 8  9 16 15  3 12  2  5  6 14 10  1 11  7  4 13]
 [13 12  2  3  4  7  6 11 16  8 15  5  1  9 10 14]
 [ 6  1  4 10 13  8 16 14  3 11  9  7 15  2 12  5]
 [11 14  5  7  1  9 10 15  2 13 12  4  8  6 16  3]
 [15 16 14 13  7 10  4  2  5  9  8 11  3 12  6  1]
 [ 5  7  1  2 16 14 15  9  4 12  6  3 10 11 13  8]
 [ 4 10 11  8  6  5  3 12 13  7  1 15  9 16 14  2]
 [ 3  6 12  9  8 11 13  1 14 16  2 10  4  5  7 15]]

[[ 1  2  3  4  5  6  7  8  9 10 11 12 13 14 15 16]
 [ 7  8 15 16 11  2 14  3  1  5 13  6 12 10  9  4]
 [10  5 13 12  9 16  1  4 15  2  7 14  3 11  6  8]
 [14 11  9  6 10 15 12 13  8  4  3 16  2  1  5  7]
 [ 2  4  6 14 15 13  8 16 10  1  5  9  7  3 11 12]
 [16 13  7  1 12  3  9  6 11 15 14  2  5  4  8 10]
 [12  3 11  8  2  4  5 10  7  6 16 13 14 15  1  9]
 [ 9 15 10  5 14  1 11  7 12  3  4  8 16 13  2  6]
 [ 8  9 16 15  3  5  2 12  6 14 10  1 11  7  4 13]
 [13 12  2  3  4  7  6 11 16  8 15  5  1  9 10 14]
 [ 6  1  4 10 13  8 16 14  3 11  9  7 15  2 12  5]
 [11 14  5  7  1  9 10 15  2 13 12  4  8  6 16  3]
 [15 16 14 13  7 10  4  2  5  9  8 11  6 12  3  1]
 [ 5  7  1  2 16 14 15  9  4 12  6  3 10  8 13 11]
 [ 4 10  8 11  6 12  3  5 13  7  1 15  9 16 14  2]
 [ 3  6 12  9  8 11 13  1 14 16  2 10  4  5  7 15]]

[[ 1  2  3  4  5  6  7  8  9 10 11 12 13 14 15 16]
 [ 7  8 15 16 11  2 14  3  1  5 13  6 12 10  9  4]
 [10  5 13 12  9 16  1  4 15  2  7 14  3  8  6 11]
 [14 11  9  6 10 15 12 13  8  4  3 16  2  1  5  7]
 [ 2  4  6 14 15 13  8 10  7  1  5  9 16  3 11 12]
 [16 13  7  1 12  3  9  6 11 15 14  2  5  4  8 10]
 [12  3 11  8  2  4  5  7 10  6 16 13 14 15  1  9]
 [ 9 15 10  5 14  1 11 16 12  3  4  8  7 13  2  6]
 [ 8  9 16 15  3  5  2 12  6 14 10  1 11  7  4 13]
 [13 12  2  3  4  7  6 11 16  8 15  5  1  9 10 14]
 [ 6  1  4 10 13  8 16 14  3 11  9  7 15  2 12  5]
 [11 14  5  7  1  9 10 15  2 13 12  4  8  6 16  3]
 [15 16 14 13  7 10  4  2  5  9  8 11  6 12  3  1]
 [ 5  7  1  2 16 14 15  9  4 12  6  3 10 11 13  8]
 [ 4 10  8 11  6 12  3  5 13  7  1 15  9 16 14  2]
 [ 3  6 12  9  8 11 13  1 14 16  2 10  4  5  7 15]]

[[ 1  2  3  4  5  6  7  8  9 10 11 12 13 14 15 16]
 [ 7  8 15 16 14  2 11  3  1  5 13  6 12  4  9 10]
 [10  5 13 12  9 16  1  4 15  2  7 14  6 11  3  8]
 [14 11  9  6 10 15 12 13  8  3  4 16  2  1  5  7]
 [ 2  4  6 14 15 13  8 16 10  1  5  9  7  3 11 12]
 [16 13  7  1 12  3  9  6 11 15 14  2  5 10  8  4]
 [12  3  8 11  2  4  5 10  7  6 16 13 14 15  1  9]
 [ 9 15 10  5 11  1 14  7 12  4  3  8 16 13  2  6]
 [11  9 16 15  3 12  2  5  6 14 10  1  8  7  4 13]
 [13 12  2  3  4  7  6 11 16  8 15  5  1  9 10 14]
 [ 6  1  4 10 13  8 16 14  3 11  9  7 15  2 12  5]
 [ 8 14  5  7  1  9 10 15  2 13 12  4 11  6 16  3]
 [15 16 14 13  7 10  4  2  5  9  8 11  3 12  6  1]
 [ 5  7  1  2 16 14 15  9  4 12  6  3 10  8 13 11]
 [ 4 10 11  8  6  5  3 12 13  7  1 15  9 16 14  2]
 [ 3  6 12  9  8 11 13  1 14 16  2 10  4  5  7 15]]

[[ 1  2  3  4  5  6  7  8  9 10 11 12 13 14 15 16]
 [ 7  8 15 16 11  2 14  3  1  5 13  6 12  4  9 10]
 [10  5 13 12  9 16  1  4 15  2  7 14  6 11  3  8]
 [14 11  9  6 10 15 12 13  8  3  4 16  2  1  5  7]
 [ 2  4  6 14 15 13  8 16 10  1  5  9  7  3 11 12]
 [16 13  7  1 12  3  9  6 11 15 14  2  5 10  8  4]
 [12  3  8  5  2  4 11 10  7  6 16 13 14 15  1  9]
 [ 9 15 10 11 14  1  5  7 12  4  3  8 16 13  2  6]
 [11  9 16 15  3 12  2  5  6 14 10  1  8  7  4 13]
 [13 12  2  3  4  7  6 11 16  8 15  5  1  9 10 14]
 [ 6  1  4 10 13  8 16 14  3 11  9  7 15  2 12  5]
 [ 8 14  5  7  1  9 10 15  2 13 12  4 11  6 16  3]
 [15 16 14 13  7 10  4  2  5  9  8 11  3 12  6  1]
 [ 5  7  1  2 16 14 15  9  4 12  6  3 10  8 13 11]
 [ 4 10 11  8  6  5  3 12 13  7  1 15  9 16 14  2]
 [ 3  6 12  9  8 11 13  1 14 16  2 10  4  5  7 15]]

[[ 1  2  3  4  5  6  7  8  9 10 11 12 13 14 15 16]
 [ 7  8 15 16 14  2 11  3 13  5  1  6 12 10  9  4]
 [10  5 13 12  9 16  1  4 15  2  7 14  6  8  3 11]
 [14 11  9  6 10 15 12 13  8  4  3 16  2  1  5  7]
 [ 2  4  6 14 15 13  8 16 10  1  5  9  7  3 11 12]
 [16 13  7  1  6  3  9 12 11 15 14  2  5  4  8 10]
 [12  3  8 11  2  4  5 10  7  6 16 13 14 15  1  9]
 [ 9 15 10  5 11  1 14  7 12  3  4  8 16 13  2  6]
 [ 8  9 16 15  3 12  2  5  6 14 10  1 11  7  4 13]
 [13 12  2  3  4  7  6 11 16  8 15  5  1  9 10 14]
 [ 6  1  4 10 13  8 16 14  3 11  9  7 15  2 12  5]
 [11 14  5  7  1  9 10 15  2 13 12  4  8  6 16  3]
 [15 16 14 13  7 10  4  2  5  9  8 11  3 12  6  1]
 [ 5  7  1  2 16 14 15  9  4 12  6  3 10 11 13  8]
 [ 4 10 11  8 12  5  3  6  1  7 13 15  9 16 14  2]
 [ 3  6 12  9  8 11 13  1 14 16  2 10  4  5  7 15]]

[[ 1  2  3  4  5  6  7  8  9 10 11 12 13 14 15 16]
 [ 7  8 15 16 11  2 14  3  1  5 13  6 12 10  9  4]
 [10  5 13 12  9 16  1  4 15  2  7 14  3  8  6 11]
 [11 14  9  6 10 15 12 13  8  4  3 16  2  1  5  7]
 [ 2  4  6 14 15 13  8  7 10  1  5  9 16  3 11 12]
 [16 13  7  1 12  3  9  6 11 15 14  2  5  4  8 10]
 [12  3 11  8  2  4  5 10  7  6 16 13 14 15  1  9]
 [ 9 15 10  5 14  1 11 16 12  3  4  8  7 13  2  6]
 [ 8  9 16 15  3  5  2 12  6 14 10  1 11  7  4 13]
 [13 12  2  3  4  7  6 11 16  8 15  5  1  9 10 14]
 [ 6  1  4 10 13  8 16 14  3 11  9  7 15  2 12  5]
 [14 11  5  7  1  9 10 15  2 13 12  4  8  6 16  3]
 [15 16 14 13  7 10  4  2  5  9  8 11  6 12  3  1]
 [ 5  7  1  2 16 14 15  9  4 12  6  3 10 11 13  8]
 [ 4 10  8 11  6 12  3  5 13  7  1 15  9 16 14  2]
 [ 3  6 12  9  8 11 13  1 14 16  2 10  4  5  7 15]]

[[ 1  2  3  4  5  6  7  8  9 10 11 12 13 14 15 16]
 [ 7  8 15 16 11  2 14  3  1  5 13  6 12  4  9 10]
 [10  5 13 12  9 16  1  4 15  2  7 14 11  6  3  8]
 [14 11  9  6 10 15 12 13  8  3  4 16  2  1  5  7]
 [ 2  4  6 14 15 13  8 16 10  1  5  9  7  3 11 12]
 [16 13  7  1 12  3  9  6 11 15 14  2  5 10  8  4]
 [12  3  8 11  2  4  5 10  7  6 16 13 14 15  1  9]
 [ 9 15 10  5 14  1 11  7 12  4  3  8 16 13  2  6]
 [11  9 16 15  3 12  2  5  6 14 10  1  8  7  4 13]
 [13 12  2  3  4  7  6 11 16  8 15  5  1  9 10 14]
 [ 6  1  4 10 13  8 16 14  3 11  9  7 15  2 12  5]
 [ 8 14  5  7  1  9 10 15  2 13 12  4  6 11 16  3]
 [15 16 14 13  7 10  4  2  5  9  8 11  3 12  6  1]
 [ 5  7  1  2 16 14 15  9  4 12  6  3 10  8 13 11]
 [ 4 10 11  8  6  5  3 12 13  7  1 15  9 16 14  2]
 [ 3  6 12  9  8 11 13  1 14 16  2 10  4  5  7 15]]

[[ 1  2  3  4  5  6  7  8  9 10 11 12 13 14 15 16]
 [ 7  8 15 16 11  2 14  3  1  5 13  6 12  4  9 10]
 [10  5 13 12  9 16  1  4 15  2  7 14  6  8  3 11]
 [14 11  9  6 10 15 12 13  8  3  4 16  2  1  5  7]
 [ 2  4  6 14 15 13  8 16 10  1  5  9  7  3 11 12]
 [16 13  7  1 12  3  9  6 11 15 14  2  5 10  8  4]
 [12  3 11  8  2  4  5 10  7  6 16 13 14 15  1  9]
 [ 9 15 10  5 14  1 11  7 12  4  3  8 16 13  2  6]
 [ 8  9 16 15  3 12  2  5  6 14 10  1 11  7  4 13]
 [13 12  2  3  4  7  6 11 16  8 15  5  1  9 10 14]
 [ 6  1  4 10 13  8 16 14  3 11  9  7 15  2 12  5]
 [11 14  5  7  1  9 10 15  2 13 12  4  8  6 16  3]
 [15 16 14 13  7 10  4  2  5  9  8 11  3 12  6  1]
 [ 5  7  1  2 16 14 15  9  4 12  6  3 10 11 13  8]
 [ 4 10  8 11  6  5  3 12 13  7  1 15  9 16 14  2]
 [ 3  6 12  9  8 11 13  1 14 16  2 10  4  5  7 15]]

[[ 1  2  3  4  5  6  7  8  9 10 11 12 13 14 15 16]
 [ 7  8 16 15 14  2 11  3 13  5  1  6 12 10  9  4]
 [10  5 13 12  9 16  1  4 15  2  7 14  6  8  3 11]
 [14 11  9  6 10 15 12 13  8  4  3 16  2  1  5  7]
 [ 2  4  6 14 15 13  8 16 10  1  5  9  7  3 11 12]
 [16 13  7  1  6  3  9 12 11 15 14  2  5  4  8 10]
 [12  3  8 11  2  4  5 10  7  6 16 13 14 15  1  9]
 [ 9 15 10  5 11  1 14  7 12  3  4  8 16 13  2  6]
 [ 8  9 15 16  3 12  2  5  6 14 10  1 11  7  4 13]
 [13 12  2  3  4  7  6 11 16  8 15  5  1  9 10 14]
 [ 6  1  4 10 13  8 16 14  3 11  9  7 15  2 12  5]
 [11 14  5  7  1  9 10 15  2 13 12  4  8  6 16  3]
 [15 16 14 13  7 10  4  2  5  9  8 11  3 12  6  1]
 [ 5  7  1  2 16 14 15  9  4 12  6  3 10 11 13  8]
 [ 4 10 11  8 12  5  3  6  1  7 13 15  9 16 14  2]
 [ 3  6 12  9  8 11 13  1 14 16  2 10  4  5  7 15]]

[[ 1  2  3  4  5  6  7  8  9 10 11 12 13 14 15 16]
 [ 7  8 15 16 11  2 14  3  1  5 13  6 12  4  9 10]
 [10  5 13 12  9 16  1  4 15  2  7 14  6  8  3 11]
 [14 11  9  6 10 15 12 13  8  3  4 16  2  1  5  7]
 [ 2  4  6 14 15 13  8 16 10  1  5  9  7  3 11 12]
 [16 13  7  1 12  3  9  6 11 15 14  2  5 10  8  4]
 [12  3  8  5  2  4 11 10  7  6 16 13 14 15  1  9]
 [ 9 15 10 11 14  1  5  7 12  4  3  8 16 13  2  6]
 [11  9 16 15  3 12  2  5  6 14 10  1  8  7  4 13]
 [13 12  2  3  4  7  6 11 16  8 15  5  1  9 10 14]
 [ 6  1  4 10 13  8 16 14  3 11  9  7 15  2 12  5]
 [ 8 14  5  7  1  9 10 15  2 13 12  4 11  6 16  3]
 [15 16 14 13  7 10  4  2  5  9  8 11  3 12  6  1]
 [ 5  7  1  2 16 14 15  9  4 12  6  3 10 11 13  8]
 [ 4 10 11  8  6  5  3 12 13  7  1 15  9 16 14  2]
 [ 3  6 12  9  8 11 13  1 14 16  2 10  4  5  7 15]]

[[ 1  2  3  4  5  6  7  8  9 10 11 12 13 14 15 16]
 [ 7  8 15 16 14  2 11  3 13  5  1  6 12 10  9  4]
 [10  5 13 12  9 16  1  4 15  2  7 14  6  8  3 11]
 [14 11  9  6 10 15 12 13  8  4  3 16  2  1  5  7]
 [ 2  4  6 14 15 13  8 16 10  1  5  9  7  3 11 12]
 [16 13  7  1  6  3  9 12 11 15 14  2  4  5  8 10]
 [12  3  8 11  2  4  5 10  7  6 16 13 14 15  1  9]
 [ 9 15 10  5 11  1 14  7 12  3  4  8 16 13  2  6]
 [ 8  9 16 15  3 12  2  5  6 14 10  1 11  7  4 13]
 [13 12  2  3  4  7  6 11 16  8 15  5  1  9 10 14]
 [ 6  1  4 10 13  8 16 14  3 11  9  7 15  2 12  5]
 [11 14  5  7  1  9 10 15  2 13 12  4  8  6 16  3]
 [15 16 14 13  7 10  4  2  5  9  8 11  3 12  6  1]
 [ 5  7  1  2 16 14 15  9  4 12  6  3 10 11 13  8]
 [ 4 10 11  8 12  5  3  6  1  7 13 15  9 16 14  2]
 [ 3  6 12  9  8 11 13  1 14 16  2 10  5  4  7 15]]

[[ 1  2  3  4  5  6  7  8  9 10 11 12 13 14 15 16]
 [ 7  8 16 15 14  2 11  3 13  5  1  6 12 10  9  4]
 [10  5 13 12  9 16  1  4 15  2  7 14  6  8  3 11]
 [14 11  9  6 10 15 12 13  8  4  3 16  2  1  5  7]
 [ 2  4  6 14 15 13  8 16 10  1  5  9  7  3 11 12]
 [16 13  7  1  6  3  9 12 11 15 14  2  5  4  8 10]
 [12  3 11  8  2  4  5 10  7  6 16 13 14 15  1  9]
 [ 9 15 10  5 11  1 14  7 12  3  4  8 16 13  2  6]
 [ 8  9 15 16  3 12  2  5  6 14 10  1 11  7  4 13]
 [13 12  2  3  4  7  6 11 16  8 15  5  1  9 10 14]
 [ 6  1  4 10 13  8 16 14  3 11  9  7 15  2 12  5]
 [11 14  5  7  1  9 10 15  2 13 12  4  8  6 16  3]
 [15 16 14 13  7 10  4  2  5  9  8 11  3 12  6  1]
 [ 5  7  1  2 16 14 15  9  4 12  6  3 10 11 13  8]
 [ 4 10  8 11 12  5  3  6  1  7 13 15  9 16 14  2]
 [ 3  6 12  9  8 11 13  1 14 16  2 10  4  5  7 15]]

[[ 1  2  3  4  5  6  7  8  9 10 11 12 13 14 15 16]
 [ 7  8 15 16 11  2 14  3  1  5 13  6 12  4  9 10]
 [10  5 13 12  9 16  1  4 15  2  7 14  6  3 11  8]
 [14 11  9  6 10 15 12 13  8  3  4 16  2  1  5  7]
 [ 2  4  6 14 15 13  8 16 10  1  5  9  7 11  3 12]
 [16 13  7  1 12  3  9  6 11 15 14  2  5 10  8  4]
 [12  3  8  5  2  4 11 10  7  6 16 13 14 15  1  9]
 [ 9 15 10 11 14  1  5  7 12  4  3  8 16 13  2  6]
 [11  9 16 15  3 12  2  5  6 14 10  1  8  7  4 13]
 [13 12  2  3  4  7  6 11 16  8 15  5  1  9 10 14]
 [ 6  1  4 10 13  8 16 14  3 11  9  7 15  2 12  5]
 [ 8 14  5  7  1  9 10 15  2 13 12  4 11  6 16  3]
 [15 16 14 13  7 10  4  2  5  9  8 11  3 12  6  1]
 [ 5  7  1  2 16 14 15  9  4 12  6  3 10  8 13 11]
 [ 4 10 11  8  6  5  3 12 13  7  1 15  9 16 14  2]
 [ 3  6 12  9  8 11 13  1 14 16  2 10  4  5  7 15]]

[[ 1  2  3  4  5  6  7  8  9 10 11 12 13 14 15 16]
 [ 7  8 15 16 14  2 11  3 13  5  1  6 12 10  9  4]
 [10  5 13 12  9 16  1  4 15  2  7 14  6  8  3 11]
 [11 14  9  6 10 15 12 13  8  4  3 16  2  1  5  7]
 [ 2  4  6 14 15 13  8 16 10  1  5  9  7  3 11 12]
 [16 13  7  1  6  3  9 12 11 15 14  2  4  5  8 10]
 [12  3  8 11  2  4  5 10  7  6 16 13 14 15  1  9]
 [ 9 15 10  5 11  1 14  7 12  3  4  8 16 13  2  6]
 [ 8  9 16 15  3 12  2  5  6 14 10  1 11  7  4 13]
 [13 12  2  3  4  7  6 11 16  8 15  5  1  9 10 14]
 [ 6  1  4 10 13  8 16 14  3 11  9  7 15  2 12  5]
 [14 11  5  7  1  9 10 15  2 13 12  4  8  6 16  3]
 [15 16 14 13  7 10  4  2  5  9  8 11  3 12  6  1]
 [ 5  7  1  2 16 14 15  9  4 12  6  3 10 11 13  8]
 [ 4 10 11  8 12  5  3  6  1  7 13 15  9 16 14  2]
 [ 3  6 12  9  8 11 13  1 14 16  2 10  5  4  7 15]]

[[ 1  2  3  4  5  6  7  8  9 10 11 12 13 14 15 16]
 [ 7  8 16 15 14  2 11  3 13  5  1  6 12  9 10  4]
 [10  5 13 12  9 16  1  4 15  2  7 14  6  8  3 11]
 [14 11  9  6 10 15 12 13  8  4  3 16  2  1  5  7]
 [ 2  4  6 14 15 13  8 16 10  1  5  9  7  3 11 12]
 [16 13  7  1  6  3  9 12 11 15 14  2  5  4  8 10]
 [12  3 11  8  2  4  5 10  7  6 16 13 14 15  1  9]
 [ 9 15 10  5 11  1 14  7 12  3  4  8 16 13  2  6]
 [ 8  9 15 16  3 12  2  5  6 14 10  1 11  7  4 13]
 [13 12  2  3  4  7  6 11 16  8 15  5  1 10  9 14]
 [ 6  1  4 10 13  8 16 14  3 11  9  7 15  2 12  5]
 [11 14  5  7  1  9 10 15  2 13 12  4  8  6 16  3]
 [15 16 14 13  7 10  4  2  5  9  8 11  3 12  6  1]
 [ 5  7  1  2 16 14 15  9  4 12  6  3 10 11 13  8]
 [ 4 10  8 11 12  5  3  6  1  7 13 15  9 16 14  2]
 [ 3  6 12  9  8 11 13  1 14 16  2 10  4  5  7 15]]

[[ 1  2  3  4  5  6  7  8  9 10 11 12 13 14 15 16]
 [ 7  8 15 16 11  2 14  3  1  5 13  6 12  4  9 10]
 [10  5 13 12  9 16  1  4 15  2  7 14  6 11  3  8]
 [14 11  9  6 10 15 12 13  8  4  3 16  2  1  5  7]
 [ 2  4  6 14 15 13  8 16 10  1  5  9  7  3 11 12]
 [16 13  7  1 12  3  9  6 11 15 14  2  5 10  8  4]
 [12  3  8  5  2  4 11 10  7  6 16 13 14 15  1  9]
 [ 9 15 10 11 14  1  5  7 12  3  4  8 16 13  2  6]
 [11  9 16 15  3 12  2  5  6 14 10  1  8  7  4 13]
 [13 12  2  3  4  7  6 11 16  8 15  5  1  9 10 14]
 [ 6  1  4 10 13  8 16 14  3 11  9  7 15  2 12  5]
 [ 8 14  5  7  1  9 10 15  2 13 12  4 11  6 16  3]
 [15 16 14 13  7 10  4  2  5  9  8 11  3 12  6  1]
 [ 5  7  1  2 16 14 15  9  4 12  6  3 10  8 13 11]
 [ 4 10 11  8  6  5  3 12 13  7  1 15  9 16 14  2]
 [ 3  6 12  9  8 11 13  1 14 16  2 10  4  5  7 15]]

[[ 1  2  3  4  5  6  7  8  9 10 11 12 13 14 15 16]
 [ 7  8 15 16 14  2 11  3 13  5  1  6 12 10  9  4]
 [10  5 13 12  9 16  1  4 15  2  7 14  6  8  3 11]
 [14 11  9  6 10 15 12 13  8  4  3 16  2  1  5  7]
 [ 2  4  6 14 15 13  8 16 10  1  5  9  7  3 11 12]
 [16 13  7  1  6  3  9 12 11 15 14  2  4  5  8 10]
 [12  3  8 11  2  4  5 10  7  6 16 13 14 15  1  9]
 [ 9 15 10  5 11  1 14  7 12  3  4  8 16 13  2  6]
 [ 8  9 16 15  3 12  2  5  6 14 10  1 11  7  4 13]
 [13 12  2  3  4  7  6 11 16  8 15  5  1  9 10 14]
 [ 6  1  4 10 13  8 16 14  3 11  9  7 15  2 12  5]
 [11 14  5  7  1  9 10 15  2 13 12  4  8  6 16  3]
 [15  7 14 13 16 10  4  2  5  9  8 11  3 12  6  1]
 [ 5 16  1  2  7 14 15  9  4 12  6  3 10 11 13  8]
 [ 4 10 11  8 12  5  3  6  1  7 13 15  9 16 14  2]
 [ 3  6 12  9  8 11 13  1 14 16  2 10  5  4  7 15]]

[[ 1  2  3  4  5  6  7  8  9 10 11 12 13 14 15 16]
 [ 7  8 15 16 14  2 11  3  1  5 13  6 12 10  9  4]
 [10  5 13 12  9 16  1  4 15  2  7 14  6  8  3 11]
 [11 14  9  6 10 15 12 13  8  4  3 16  2  1  5  7]
 [ 2  4  6 14 15 13  8 16 10  1  5  9  7  3 11 12]
 [16 13  7  1  6  3  9 12 11 15 14  2  4  5  8 10]
 [12  3  8 11  2  4  5 10  7  6 16 13 14 15  1  9]
 [ 9 15 10  5 11  1 14  7 12  3  4  8 16 13  2  6]
 [ 8  9 16 15  3 12  2  5  6 14 10  1 11  7  4 13]
 [13 12  2  3  4  7  6 11 16  8 15  5  1  9 10 14]
 [ 6  1  4 10 13  8 16 14  3 11  9  7 15  2 12  5]
 [14 11  5  7  1  9 10 15  2 13 12  4  8  6 16  3]
 [15 16 14 13  7 10  4  2  5  9  8 11  3 12  6  1]
 [ 5  7  1  2 16 14 15  9  4 12  6  3 10 11 13  8]
 [ 4 10 11  8 12  5  3  6 13  7  1 15  9 16 14  2]
 [ 3  6 12  9  8 11 13  1 14 16  2 10  5  4  7 15]]

[[ 1  2  3  4  5  6  7  8  9 10 11 12 13 14 15 16]
 [ 7  8 16 15 14  2 11  3 13  5  1  6 12 10  9  4]
 [10  5 13 12  9 16  1  4 15  2  7 14  6  8  3 11]
 [14 11  9  6 10 15 12 13  8  4  3 16  2  1  5  7]
 [ 2  4  6 14 15 13  8 16 10  1  5  9  7  3 11 12]
 [16 13  7  1 12  3  9  6 11 15 14  2  5  4  8 10]
 [12  3 11  8  2  4  5 10  7  6 16 13 14 15  1  9]
 [ 9 15 10  5 11  1 14  7 12  3  4  8 16 13  2  6]
 [ 8  9 15 16  3 12  2  5  6 14 10  1 11  7  4 13]
 [13 12  2  3  4  7  6 11 16  8 15  5  1  9 10 14]
 [ 6  1  4 10 13  8 16 14  3 11  9  7 15  2 12  5]
 [11 14  5  7  1  9 10 15  2 13 12  4  8  6 16  3]
 [15 16 14 13  7 10  4  2  5  9  8 11  3 12  6  1]
 [ 5  7  1  2 16 14 15  9  4 12  6  3 10 11 13  8]
 [ 4 10  8 11  6  5  3 12  1  7 13 15  9 16 14  2]
 [ 3  6 12  9  8 11 13  1 14 16  2 10  4  5  7 15]]

[[ 1  2  3  4  5  6  7  8  9 10 11 12 13 14 15 16]
 [ 7  8 16 15 11  2 14  3 13  5  1  6 12 10  9  4]
 [10  5 13 12  9 16  1  4 15  2  7 14  6  8  3 11]
 [14 11  9  6 10 15 12 13  8  4  3 16  2  1  5  7]
 [ 2  4  6 14 15 13  8 16 10  1  5  9  7  3 11 12]
 [16 13  7  1  6  3  9 12 11 15 14  2  5  4  8 10]
 [12  3 11  8  2  4  5 10  7  6 16 13 14 15  1  9]
 [ 9 15 10  5 14  1 11  7 12  3  4  8 16 13  2  6]
 [ 8  9 15 16  3 12  2  5  6 14 10  1 11  7  4 13]
 [13 12  2  3  4  7  6 11 16  8 15  5  1  9 10 14]
 [ 6  1  4 10 13  8 16 14  3 11  9  7 15  2 12  5]
 [11 14  5  7  1  9 10 15  2 13 12  4  8  6 16  3]
 [15 16 14 13  7 10  4  2  5  9  8 11  3 12  6  1]
 [ 5  7  1  2 16 14 15  9  4 12  6  3 10 11 13  8]
 [ 4 10  8 11 12  5  3  6  1  7 13 15  9 16 14  2]
 [ 3  6 12  9  8 11 13  1 14 16  2 10  4  5  7 15]]

[[ 1  2  3  4  5  6  7  8  9 10 11 12 13 14 15 16]
 [ 7  8 15 16 14  2 11  3 13  1  5  6 12 10  9  4]
 [10  5 13 12  9 16  1  4 15  2  7 14  6  8  3 11]
 [14 11  9  6 10 15 12 13  8  4  3 16  2  1  5  7]
 [ 2  4  6 14 15 13  8 16 10  5  1  9  7  3 11 12]
 [16 13  7  1  6  3  9 12 11 15 14  2  4  5  8 10]
 [12  3  8 11  2  4  5 10  7  6 16 13 14 15  1  9]
 [ 9 15 10  5 11  1 14  7 12  3  4  8 16 13  2  6]
 [ 8  9 16 15  3 12  2  5  6 14 10  1 11  7  4 13]
 [13 12  2  3  4  7  6 11 16  8 15  5  1  9 10 14]
 [ 6  1  4 10 13  8 16 14  3 11  9  7 15  2 12  5]
 [11 14  5  7  1  9 10 15  2 13 12  4  8  6 16  3]
 [15  7 14 13 16 10  4  2  5  9  8 11  3 12  6  1]
 [ 5 16  1  2  7 14 15  9  4 12  6  3 10 11 13  8]
 [ 4 10 11  8 12  5  3  6  1  7 13 15  9 16 14  2]
 [ 3  6 12  9  8 11 13  1 14 16  2 10  5  4  7 15]]

[[ 1  2  3  4  5  6  7  8  9 10 11 12 13 14 15 16]
 [ 7  8 15 16 11  2 14  3 13  5  1  6 12 10  9  4]
 [10  5 13 12  9 16  1  4 15  2  7 14  3  8  6 11]
 [14 11  9  6 10 15 12 13  8  4  3 16  2  1  5  7]
 [ 2  4  6 14 15 13  8 16 10  1  5  9  7  3 11 12]
 [16 13  7  1  6  3  9 12 11 15 14  2  5  4  8 10]
 [12  3 11  8  2  4  5 10  7  6 16 13 14 15  1  9]
 [ 9 15 10  5 14  1 11  7 12  3  4  8 16 13  2  6]
 [ 8  9 16 15  3 12  2  5  6 14 10  1 11  7  4 13]
 [13 12  2  3  4  7  6 11 16  8 15  5  1  9 10 14]
 [ 6  1  4 10 13  8 16 14  3 11  9  7 15  2 12  5]
 [11 14  5  7  1  9 10 15  2 13 12  4  8  6 16  3]
 [15 16 14 13  7 10  4  2  5  9  8 11  6 12  3  1]
 [ 5  7  1  2 16 14 15  9  4 12  6  3 10 11 13  8]
 [ 4 10  8 11 12  5  3  6  1  7 13 15  9 16 14  2]
 [ 3  6 12  9  8 11 13  1 14 16  2 10  4  5  7 15]]

[[ 1  2  3  4  5  6  7  8  9 10 11 12 13 14 15 16]
 [ 7  8 15 16 14  2 11  3 13  5  1  6 12 10  9  4]
 [10  5 13 12  9 16  1  4 15  2  7 14  6  8  3 11]
 [14 11  9  6 10 15 12 13  8  4  3 16  2  1  5  7]
 [ 2  4  6 14 15 13  8 16 10  1  5  9  7  3 11 12]
 [16 13  7  1  6  3  9 12 11 15 14  2  4  5  8 10]
 [12  3 11  8  2  4  5 10  7  6 16 13 14 15  1  9]
 [ 9 15 10  5 11  1 14  7 12  3  4  8 16 13  2  6]
 [ 8  9 16 15  3 12  2  5  6 14 10  1 11  7  4 13]
 [13 12  2  3  4  7  6 11 16  8 15  5  1  9 10 14]
 [ 6  1  4 10 13  8 16 14  3 11  9  7 15  2 12  5]
 [11 14  5  7  1  9 10 15  2 13 12  4  8  6 16  3]
 [15  7 14 13 16 10  4  2  5  9  8 11  3 12  6  1]
 [ 5 16  1  2  7 14 15  9  4 12  6  3 10 11 13  8]
 [ 4 10  8 11 12  5  3  6  1  7 13 15  9 16 14  2]
 [ 3  6 12  9  8 11 13  1 14 16  2 10  5  4  7 15]]

[[ 1  2  3  4  5  6  7  8  9 10 11 12 13 14 15 16]
 [ 7  8 16 15 11  2 14  3 13  5  1  6 12  4  9 10]
 [10  5 13 12  9 16  1  4 15  2  7 14  6  8  3 11]
 [14 11  9  6 10 15 12 13  8  4  3 16  2  1  5  7]
 [ 2  4  6 14 15 13  8 16 10  1  5  9  7  3 11 12]
 [16 13  7  1  6  3  9 12 11 15 14  2  5 10  8  4]
 [12  3 11  8  2  4  5 10  7  6 16 13 14 15  1  9]
 [ 9 15 10  5 14  1 11  7 12  3  4  8 16 13  2  6]
 [ 8  9 15 16  3 12  2  5  6 14 10  1 11  7  4 13]
 [13 12  2  3  4  7  6 11 16  8 15  5  1  9 10 14]
 [ 6  1  4 10 13  8 16 14  3 11  9  7 15  2 12  5]
 [11 14  5  7  1  9 10 15  2 13 12  4  8  6 16  3]
 [15 16 14 13  7 10  4  2  5  9  8 11  3 12  6  1]
 [ 5  7  1  2 16 14 15  9  4 12  6  3 10 11 13  8]
 [ 4 10  8 11 12  5  3  6  1  7 13 15  9 16 14  2]
 [ 3  6 12  9  8 11 13  1 14 16  2 10  4  5  7 15]]

[[ 1  2  3  4  5  6  7  8  9 10 11 12 13 14 15 16]
 [ 7  8 16 15 14  2 11  3 13  5  1  6 12 10  9  4]
 [10  5 13 12  9 16  1  4 15  2  7 14  6  8  3 11]
 [14 11  9  6 10 15 12 13  8  4  3 16  2  1  5  7]
 [ 2  4  6 14 15 13  8 16 10  1  5  9  7  3 11 12]
 [16 13  7  1 12  3  9  6 11 15 14  2  4  5  8 10]
 [12  3 11  8  2  4  5 10  7  6 16 13 14 15  1  9]
 [ 9 15 10  5 11  1 14  7 12  3  4  8 16 13  2  6]
 [ 8  9 15 16  3 12  2  5  6 14 10  1 11  7  4 13]
 [13 12  2  3  4  7  6 11 16  8 15  5  1  9 10 14]
 [ 6  1  4 10 13  8 16 14  3 11  9  7 15  2 12  5]
 [11 14  5  7  1  9 10 15  2 13 12  4  8  6 16  3]
 [15 16 14 13  7 10  4  2  5  9  8 11  3 12  6  1]
 [ 5  7  1  2 16 14 15  9  4 12  6  3 10 11 13  8]
 [ 4 10  8 11  6  5  3 12  1  7 13 15  9 16 14  2]
 [ 3  6 12  9  8 11 13  1 14 16  2 10  5  4  7 15]]

[[ 1  2  3  4  5  6  7  8  9 10 11 12 13 14 15 16]
 [ 7  8 16 15 11  2 14  3 13  1  5  6 12 10  9  4]
 [10  5 13 12  9 16  1  4 15  2  7 14  6  8  3 11]
 [14 11  9  6 10 15 12 13  8  4  3 16  2  1  5  7]
 [ 2  4  6 14 15 13  8 16 10  5  1  9  7  3 11 12]
 [16 13  7  1  6  3  9 12 11 15 14  2  5  4  8 10]
 [12  3 11  8  2  4  5 10  7  6 16 13 14 15  1  9]
 [ 9 15 10  5 14  1 11  7 12  3  4  8 16 13  2  6]
 [ 8  9 15 16  3 12  2  5  6 14 10  1 11  7  4 13]
 [13 12  2  3  4  7  6 11 16  8 15  5  1  9 10 14]
 [ 6  1  4 10 13  8 16 14  3 11  9  7 15  2 12  5]
 [11 14  5  7  1  9 10 15  2 13 12  4  8  6 16  3]
 [15 16 14 13  7 10  4  2  5  9  8 11  3 12  6  1]
 [ 5  7  1  2 16 14 15  9  4 12  6  3 10 11 13  8]
 [ 4 10  8 11 12  5  3  6  1  7 13 15  9 16 14  2]
 [ 3  6 12  9  8 11 13  1 14 16  2 10  4  5  7 15]]

[[ 1  2  3  4  5  6  7  8  9 10 11 12 13 14 15 16]
 [ 7  8 15 16 14  2 11  3 13  5  1  6 12 10  9  4]
 [10  5 13 12  9 16  1  4  7  2 15 14  6  8  3 11]
 [14 11  9  6 10 15 12 13  8  4  3 16  2  1  5  7]
 [ 2  4  6 14 15 13  8 16 10  1  5  9  7  3 11 12]
 [16 13  7  1  6  3  9 12 11 15 14  2  4  5  8 10]
 [12  3  8 11  2  4  5 10 16  6  7 13 14 15  1  9]
 [ 9 15 10  5 11  1 14  7 12  3  4  8 16 13  2  6]
 [ 8  9 16 15  3 12  2  5  6 14 10  1 11  7  4 13]
 [13 12  2  3  4  7  6 11 15  8 16  5  1  9 10 14]
 [ 6  1  4 10 13  8 16 14  3 11  9  7 15  2 12  5]
 [11 14  5  7  1  9 10 15  2 13 12  4  8  6 16  3]
 [15  7 14 13 16 10  4  2  5  9  8 11  3 12  6  1]
 [ 5 16  1  2  7 14 15  9  4 12  6  3 10 11 13  8]
 [ 4 10 11  8 12  5  3  6  1  7 13 15  9 16 14  2]
 [ 3  6 12  9  8 11 13  1 14 16  2 10  5  4  7 15]]

[[ 1  2  3  4  5  6  7  8  9 10 11 12 13 14 15 16]
 [ 7  8 16 15 14  2 11  3 13  5  1  6 12 10  9  4]
 [10  5 13 12  9 16  1  4 15  2  7 14  6  8  3 11]
 [14 11  9  6 10 15 12 13  8  4  3 16  2  1  5  7]
 [ 2  4  6 14 15 13  8 16 10  1  5  9  7  3 11 12]
 [16 13  7  1 12  3  9  6 11 15 14  2  4  5  8 10]
 [12  3 11  8  2  4  5 10  7  6 16 13 14 15  1  9]
 [ 9 15 10  5 11  1 14  7 12  3  4  8 16 13  2  6]
 [ 8  9 15 16  3 12  2  5  6 14 10  1 11  7  4 13]
 [13 12  2  3  4  7  6 11 16  8 15  5  1  9 10 14]
 [ 6  1  4 10 13  8 16 14  3 11  9  7 15  2 12  5]
 [11 14  5  7  1  9 10 15  2 13 12  4  8  6 16  3]
 [15 16 14 13  7 10  4  2  5  9  8 11  3 12  6  1]
 [ 5  7  1  2 16 14  3  9  4 12  6 15 10 11 13  8]
 [ 4 10  8 11  6  5 15 12  1  7 13  3  9 16 14  2]
 [ 3  6 12  9  8 11 13  1 14 16  2 10  5  4  7 15]]

[[ 1  2  3  4  5  6  7  8  9 10 11 12 13 14 15 16]
 [ 7  8 16 15 14  2 11  3 13  5  1  6 12 10  9  4]
 [10  5 13 12  9 16  1  4 15  2  7 14  6  8  3 11]
 [11 14  9  6 10 15 12 13  8  4  3 16  2  1  5  7]
 [ 2  4  6 14 15 13  8 16 10  1  5  9  7  3 11 12]
 [16 13  7  1 12  3  9  6 11 15 14  2  5  4  8 10]
 [12  3 11  8  2  4  5 10  7  6 16 13 14 15  1  9]
 [ 9 15 10  5 11  1 14  7 12  3  4  8 16 13  2  6]
 [ 8  9 15 16  3 12  2  5  6 14 10  1 11  7  4 13]
 [13 12  2  3  4  7  6 11 16  8 15  5  1  9 10 14]
 [ 6  1  4 10 13  8 16 14  3 11  9  7 15  2 12  5]
 [14 11  5  7  1  9 10 15  2 13 12  4  8  6 16  3]
 [15 16 14 13  7 10  4  2  5  9  8 11  3 12  6  1]
 [ 5  7  1  2 16 14 15  9  4 12  6  3 10 11 13  8]
 [ 4 10  8 11  6  5  3 12  1  7 13 15  9 16 14  2]
 [ 3  6 12  9  8 11 13  1 14 16  2 10  4  5  7 15]]

