Number of solutions = 96

[[ 1  2  3  4  5  6  7  8  9 10 11 12 13 14 15 16]
 [13 16  8  7  3  1 12 14  6 15  4  2  5 10  9 11]
 [15  9 12 11  4 16 13 10  3  5  8 14  2  6  1  7]
 [ 5 10  6 14  2  9 11 15  7  1 16 13  4  3 12  8]
 [ 8  4 13 15  6 12 14  3  2  7  1 10 16  5 11  9]
 [ 6  5 14  9 15  4 10  1 16 12 13 11  7  2  8  3]
 [10  3 11  1 16  2  9  7 14  6  5  8 12  4 13 15]
 [16 12  7  2  8 13  5 11  4  3  9 15  6  1 10 14]
 [ 3 14  2 12  1  5  6 13 11 16  7  9 15  8  4 10]
 [ 9  1  4  6  7  8 15 16 10  2 12  5  3 11 14 13]
 [ 7  8 15 16 10 11  2  9 13 14  3  4  1 12  5  6]
 [11 13 10  5 12 14  3  4 15  8  6  1  9  7 16  2]
 [ 4 15  5 13 11  3  1  6  8  9 10  7 14 16  2 12]
 [14 11  1  8  9  7 16 12  5 13  2  6 10 15  3  4]
 [ 2  6  9  3 14 10  8  5 12  4 15 16 11 13  7  1]
 [12  7 16 10 13 15  4  2  1 11 14  3  8  9  6  5]]

[[ 1  2  3  4  5  6  7  8  9 10 11 12 13 14 15 16]
 [ 8 16 13  7 12  1  3 14  6 15  4  2  5 10  9 11]
 [15  9 12 11  4 16 13 10  3  5  8 14  2  6  1  7]
 [ 5 10  6 14  2  9 11 15  7  1 16 13  4  3 12  8]
 [13  4  8 15  6 12 14  3  2  7  1 10 16  5 11  9]
 [ 6  5 14  9 15  4 10  1 16 12 13 11  7  2  8  3]
 [10  3 11  1 16  2  9  7 14  6  5  8 12  4 13 15]
 [16 12  7  2  8 13  5 11  4  3  9 15  6  1 10 14]
 [ 3 14  2 12  1  5  6 13 11 16  7  9 15  8  4 10]
 [ 9  1  4  6  7  8 15 16 10  2 12  5  3 11 14 13]
 [ 7  8 15 16 10 11  2  9 13 14  3  4  1 12  5  6]
 [11 13 10  5  3 14 12  4 15  8  6  1  9  7 16  2]
 [ 4 15  5 13 11  3  1  6  8  9 10  7 14 16  2 12]
 [14 11  1  8  9  7 16 12  5 13  2  6 10 15  3  4]
 [ 2  6  9  3 14 10  8  5 12  4 15 16 11 13  7  1]
 [12  7 16 10 13 15  4  2  1 11 14  3  8  9  6  5]]

[[ 1  2  3  4  5  6  7  8  9 10 11 12 13 14 15 16]
 [ 8 16 13  7  3  1 12 14  6 15  4  2  5 10  9 11]
 [15  9 12 11  4 16 13 10  3  5  8 14  2  6  1  7]
 [ 5 10  6 14  2  9 11 15  7  1 16 13  4  3 12  8]
 [13  4  8 15  6 12 14  3  2  7  1 10 16  5 11  9]
 [ 6  5 14  9 15  4 10  1 16 12 13 11  7  2  8  3]
 [10  3 11  1 16  2  9  7 14  6  5  8 12  4 13 15]
 [16 12  7  2  8 13  5 11  4  3  9 15  6  1 10 14]
 [ 3 14  2 12  1  5  6 13 11 16  7  9 15  8  4 10]
 [ 9  1  4  6  7  8 15 16 10  2 12  5  3 11 14 13]
 [ 7  8 15 16 10 11  2  9 13 14  3  4  1 12  5  6]
 [11 13 10  5 12 14  3  4 15  8  6  1  9  7 16  2]
 [ 4 15  5 13 11  3  1  6  8  9 10  7 14 16  2 12]
 [14 11  1  8  9  7 16 12  5 13  2  6 10 15  3  4]
 [ 2  6  9  3 14 10  8  5 12  4 15 16 11 13  7  1]
 [12  7 16 10 13 15  4  2  1 11 14  3  8  9  6  5]]

[[ 1  2  3  4  5  6  7  8  9 10 11 12 13 14 15 16]
 [ 8 16 13  7  3  1 12 14  6 15  4  2  5 10  9 11]
 [15  9 12 11  4 16 13 10  3  5  8 14  2  6  1  7]
 [ 5 10  6 14  2  9 11 15  7  1 16 13  4  3 12  8]
 [13  4  8 15  6 12 14  3  2  7  1 10 16  5 11  9]
 [ 6  5 14  9 15  4 10  1 16 12 13 11  7  2  8  3]
 [10  3 11  1 16  2  9  7 14  6  5  8 12  4 13 15]
 [16 12  7  2  8 13  5 11  4  3  9 15  6  1 10 14]
 [ 3 14  2 12  1  5  6 13 11 16  7  9 15  8  4 10]
 [ 9  1  4  6  7  8 15 16 10  2 12  5  3 11 14 13]
 [ 7  8 15 16 10 11  2  9 13 14  3  4  1 12  5  6]
 [11 13 10  5 12 14  3  4 15  8  6  1  9  7 16  2]
 [ 4 15  5 13 11  3  1  6  8  9 10  7 14 16  2 12]
 [14 11  1  8  9  7 16 12  5 13  2  3 10 15  6  4]
 [ 2  6  9  3 14 10  8  5 12  4 15 16 11 13  7  1]
 [12  7 16 10 13 15  4  2  1 11 14  6  8  9  3  5]]

[[ 1  2  3  4  5  6  7  8  9 10 11 12 13 14 15 16]
 [13 16  8  7  3  1 12 14  6 15  4  2  5 10  9 11]
 [15  9 12 11  4 16 13 10  3  5  8 14  2  6  1  7]
 [ 5 10  6 14  2  9 11 15  7  1 16 13  4  3 12  8]
 [ 8  4 13 15  6 12 14  3  2  7  1 10 16  5 11  9]
 [ 6  5 14  9 15  4 10  1 16 12 13 11  7  2  8  3]
 [10  3 11  1  7  2  9 16 14  6  5  8 12  4 13 15]
 [16 12  7  2  8 13  5 11  4  3  9 15  6  1 10 14]
 [ 3 14  2 12  1  5  6 13 11 16  7  9 15  8  4 10]
 [ 9  1  4  6 16  8 15  7 10  2 12  5  3 11 14 13]
 [ 7  8 15 16 10 11  2  9 13 14  3  4  1 12  5  6]
 [11 13 10  5 12 14  3  4 15  8  6  1  9  7 16  2]
 [ 4 15  5 13 11  3  1  6  8  9 10  7 14 16  2 12]
 [14 11  1  8  9  7 16 12  5 13  2  6 10 15  3  4]
 [ 2  6  9  3 14 10  8  5 12  4 15 16 11 13  7  1]
 [12  7 16 10 13 15  4  2  1 11 14  3  8  9  6  5]]

[[ 1  2  3  4  5  6  7  8  9 10 11 12 13 14 15 16]
 [ 8 16 13  7 12  3  1 14  6 15  4  2  5 10  9 11]
 [15  9 12 11  4 16 13 10  3  5  8 14  2  6  1  7]
 [ 5 10  6 14  2  9 11 15  7  1 16 13  4  3 12  8]
 [13  4  8 15  6 12 14  3  2  7  1 10 16  5 11  9]
 [ 6  5 14  9 15  4 10  1 16 12 13 11  7  2  8  3]
 [10  3 11  1 16  2  9  7 14  6  5  8 12  4 13 15]
 [16 12  7  2  8 13  5 11  4  3  9 15  6  1 10 14]
 [ 3 14  2 12  1  5  6 13 11 16  7  9 15  8  4 10]
 [ 9  1  4  6  7  8 15 16 10  2 12  5  3 11 14 13]
 [ 7  8 15 16 10 11  2  9 13 14  3  4  1 12  5  6]
 [11 13 10  5  3 14 12  4 15  8  6  1  9  7 16  2]
 [ 4 15  5 13 11  1  3  6  8  9 10  7 14 16  2 12]
 [14 11  1  8  9  7 16 12  5 13  2  6 10 15  3  4]
 [ 2  6  9  3 14 10  8  5 12  4 15 16 11 13  7  1]
 [12  7 16 10 13 15  4  2  1 11 14  3  8  9  6  5]]

[[ 1  2  3  4  5  6  7  8  9 10 11 12 13 14 15 16]
 [ 8 16 13  7 12  1  3 14  6 15  4  2  5 10  9 11]
 [15  9 12 11  4 16 13 10  3  5  8 14  2  6  1  7]
 [ 5 10  6 14  2  9 11 15  7  1 16 13  4  3 12  8]
 [13  4  8 15  6 12 14  3  2  7  1 10 16  5 11  9]
 [ 6  5 14  9 15  4 10  1 16 12 13 11  7  2  8  3]
 [10  3 11  1  9  2 16  7 14  6  5  8 12  4 13 15]
 [16 12  7  2  8 13  5 11  4  3  9 15  6  1 10 14]
 [ 3 14  2 12  1  5  6 13 11 16  7  9 15  8  4 10]
 [ 9  1  4  6  7  8 15 16 10  2 12  5  3 11 14 13]
 [ 7  8 15 16 10 11  2  9 13 14  3  4  1 12  5  6]
 [11 13 10  5  3 14 12  4 15  8  6  1  9  7 16  2]
 [ 4 15  5 13 11  3  1  6  8  9 10  7 14 16  2 12]
 [14 11  1  8 16  7  9 12  5 13  2  6 10 15  3  4]
 [ 2  6  9  3 14 10  8  5 12  4 15 16 11 13  7  1]
 [12  7 16 10 13 15  4  2  1 11 14  3  8  9  6  5]]

[[ 1  2  3  4  5  6  7  8  9 10 11 12 13 14 15 16]
 [ 8 16 13  7 12  3  1 14  6 15  4  2  5 10  9 11]
 [15  9 12 11  4 16 13 10  3  5  8 14  2  6  1  7]
 [ 5 10  6 14  2  9 11 15  7  1 16 13  4  3 12  8]
 [13  4  8 15  6 12 14  3  2  7  1 10 16  5 11  9]
 [ 6  5 14  9 15  4 10  1 16 12 13 11  7  2  8  3]
 [10  3 11  1  9  2 16  7 14  6  5  8 12  4 13 15]
 [16 12  7  2  8 13  5 11  4  3  9 15  6  1 10 14]
 [ 3 14  2 12  1  5  6 13 11 16  7  9 15  8  4 10]
 [ 9  1  4  6  7  8 15 16 10  2 12  5  3 11 14 13]
 [ 7  8 15 16 10 11  2  9 13 14  3  4  1 12  5  6]
 [11 13 10  5  3 14 12  4 15  8  6  1  9  7 16  2]
 [ 4 15  5 13 11  1  3  6  8  9 10  7 14 16  2 12]
 [14 11  1  8 16  7  9 12  5 13  2  6 10 15  3  4]
 [ 2  6  9  3 14 10  8  5 12  4 15 16 11 13  7  1]
 [12  7 16 10 13 15  4  2  1 11 14  3  8  9  6  5]]

[[ 1  2  3  4  5  6  7  8  9 10 11 12 13 14 15 16]
 [ 8 16 13  7  3  1 12 14  6 15  4  2  5 10  9 11]
 [15  9 12 11  4 16 13 10  3  5  8 14  2  6  1  7]
 [ 5 10  6 14  2  9 11 15  7  1 16 13  4  3 12  8]
 [13  4  8 15  6 12 14  3  2  7  1 10 16  5 11  9]
 [ 6  5 14  9 15  4 10  1 16 12 13 11  7  2  8  3]
 [10  3 11  1  9  2 16  7 14  6  5  8 12  4 13 15]
 [16 12  7  2  8 13  5 11  4  3  9 15  6  1 10 14]
 [ 3 14  2 12  1  5  6 13 11 16  7  9 15  8  4 10]
 [ 9  1  4  6  7  8 15 16 10  2 12  5  3 11 14 13]
 [ 7  8 15 16 10 11  2  9 13 14  3  4  1 12  5  6]
 [11 13 10  5 12 14  3  4 15  8  6  1  9  7 16  2]
 [ 4 15  5 13 11  3  1  6  8  9 10  7 14 16  2 12]
 [14 11  1  8 16  7  9 12  5 13  2  6 10 15  3  4]
 [ 2  6  9  3 14 10  8  5 12  4 15 16 11 13  7  1]
 [12  7 16 10 13 15  4  2  1 11 14  3  8  9  6  5]]

[[ 1  2  3  4  5  6  7  8  9 10 11 12 13 14 15 16]
 [13 16  8  7  3  1 12 14  6  4 15  2  5 10  9 11]
 [15  9 12 11  4 16 13 10  3  5  8 14  2  6  1  7]
 [ 5 10  6 14  2  9 11 15  7  1 16 13  4  3 12  8]
 [ 8  4 13 15  6 12 14  3  2  7  1 10 16  5 11  9]
 [ 6  5 14  9 15  4 10  1 16 12 13 11  7  2  8  3]
 [10  3 11  1  7  2  9 16 14  6  5  8 12  4 13 15]
 [16 12  7  2  8 13  5 11  4  3  9 15  6  1 10 14]
 [ 3 14  2 12  1  5  6 13 11 16  7  9 15  8  4 10]
 [ 9  1  4  6 16  8 15  7 10  2 12  5  3 11 14 13]
 [ 7  8 15 16 10 11  2  9 13 14  3  4  1 12  5  6]
 [11 13 10  5 12 14  3  4 15  8  6  1  9  7 16  2]
 [ 4 15  5 13 11  3  1  6  8  9 10  7 14 16  2 12]
 [14 11  1  8  9  7 16 12  5 13  2  6 10 15  3  4]
 [ 2  6  9  3 14 10  8  5 12 15  4 16 11 13  7  1]
 [12  7 16 10 13 15  4  2  1 11 14  3  8  9  6  5]]

[[ 1  2  3  4  5  6  7  8  9 10 11 12 13 14 15 16]
 [ 8 16 13  7 12  1  3 14  6 15  4  2  5 10 11  9]
 [15  9 12 11  4 16 13 10  3  5  8 14  2  6  1  7]
 [ 5 10  6 14  2  9 11 15  7  1 16 13  4  3 12  8]
 [13  4  8 15  6 12 14  3  2  7  1 10 16  5  9 11]
 [ 6  5 14  9 15  4 10  1 16 12 13 11  7  2  8  3]
 [10  3 11  1 16  2  9  7 14  6  5  8 12  4 13 15]
 [16 12  7  2  8 13  5 11  4  3  9 15  6  1 10 14]
 [ 3 14  2 12  1  5  6 13 11 16  7  9 15  8  4 10]
 [ 9  1  4  6  7  8 15 16 10  2 12  5  3 11 14 13]
 [ 7  8 15 16 10 11  2  9 13 14  3  4  1 12  5  6]
 [11 13 10  5  3 14 12  4 15  8  6  1  9  7 16  2]
 [ 4 15  5 13 11  3  1  6  8  9 10  7 14 16  2 12]
 [14 11  1  8  9  7 16 12  5 13  2  6 10 15  3  4]
 [ 2  6  9  3 14 10  8  5 12  4 15 16 11 13  7  1]
 [12  7 16 10 13 15  4  2  1 11 14  3  8  9  6  5]]

[[ 1  2  3  4  5  6  7  8  9 10 11 12 13 14 15 16]
 [ 8 16 13  7  3  1 12 14  6 15  4  2  5 10 11  9]
 [15  9 12 11  4 16 13 10  3  5  8 14  2  6  1  7]
 [ 5 10  6 14  2  9 11 15  7  1 16 13  4  3 12  8]
 [13  4  8 15  6 12 14  3  2  7  1 10 16  5  9 11]
 [ 6  5 14  9 15  4 10  1 16 12 13 11  7  2  8  3]
 [10  3 11  1  9  2 16  7 14  6  5  8 12  4 13 15]
 [16 12  7  2  8 13  5 11  4  3  9 15  6  1 10 14]
 [ 3 14  2 12  1  5  6 13 11 16  7  9 15  8  4 10]
 [ 9  1  4  6  7  8 15 16 10  2 12  5  3 11 14 13]
 [ 7  8 15 16 10 11  2  9 13 14  3  4  1 12  5  6]
 [11 13 10  5 12 14  3  4 15  8  6  1  9  7 16  2]
 [ 4 15  5 13 11  3  1  6  8  9 10  7 14 16  2 12]
 [14 11  1  8 16  7  9 12  5 13  2  6 10 15  3  4]
 [ 2  6  9  3 14 10  8  5 12  4 15 16 11 13  7  1]
 [12  7 16 10 13 15  4  2  1 11 14  3  8  9  6  5]]

[[ 1  2  3  4  5  6  7  8  9 10 11 12 13 14 15 16]
 [ 8 16 13  7 12  1  3 14  6 15  4  2  5 10 11  9]
 [15  9 12 11  4 16 13 10  3  5  8 14  2  6  1  7]
 [ 5 10  6 14  2  9 11 15  7  1 16 13  4  3 12  8]
 [13  4  8 15  6 12 14  3  2  7  1 10 16  5  9 11]
 [ 6  5 14  9 15  4 10  1 16 12 13 11  7  2  8  3]
 [10  3 11  1 16  2  9  7 14  6  5  8 12 15 13  4]
 [16 12  7  2  8 13  5 11  4  3  9 15  6  1 10 14]
 [ 3 14  2 12  1  5  6 13 11 16  7  9 15  8  4 10]
 [ 9  1  4  6  7  8 15 16 10  2 12  5  3 11 14 13]
 [ 7  8 15 16 10 11  2  9 13 14  3  4  1 12  5  6]
 [11 13 10  5  3 14 12  4 15  8  6  1  9  7 16  2]
 [ 4 15  5 13 11  3  1  6  8  9 10  7 14 16  2 12]
 [14 11  1  8  9  7 16 12  5 13  2  6 10  4  3 15]
 [ 2  6  9  3 14 10  8  5 12  4 15 16 11 13  7  1]
 [12  7 16 10 13 15  4  2  1 11 14  3  8  9  6  5]]

[[ 1  2  3  4  5  6  7  8  9 10 11 12 13 14 15 16]
 [13 16  8  7 12  3  1 14  6 15  4  2  5 10  9 11]
 [15  9 12 11  4 16 13 10  3  5  8 14  2  6  1  7]
 [ 5 10  6 14  2  9 11 15  7  1 16 13  4  3 12  8]
 [ 8  4 13 15  6 12 14  3  2  7  1 10 16  5 11  9]
 [ 6  5 14  9 15  4 10  1 16 12 13 11  7  2  8  3]
 [10  3 11  1  9  2 16  7 14  6  5  8 12  4 13 15]
 [16 12  7  2  8 13  5 11  4  3  9 15  6  1 10 14]
 [ 3 14  2 12  1  5  6 13 11 16  7  9 15  8  4 10]
 [ 9  1  4  6  7  8 15 16 10  2 12  5  3 11 14 13]
 [ 7  8 15 16 10 11  2  9 13 14  3  4  1 12  5  6]
 [11 13 10  5  3 14 12  4 15  8  6  1  9  7 16  2]
 [ 4 15  5 13 11  1  3  6  8  9 10  7 14 16  2 12]
 [14 11  1  8 16  7  9 12  5 13  2  6 10 15  3  4]
 [ 2  6  9  3 14 10  8  5 12  4 15 16 11 13  7  1]
 [12  7 16 10 13 15  4  2  1 11 14  3  8  9  6  5]]

[[ 1  2  3  4  5  6  7  8  9 10 11 12 13 14 15 16]
 [13 16  8  7 12  3  1 14  6 15  4  2  5 10  9 11]
 [15  9 12 11  4 16 13 10  3  5  8 14  2  6  1  7]
 [ 5 10  6 14  2  9 11 15  7  1 16 13  4  3 12  8]
 [ 8  4 13 15  6 12 14  3  2  7  1 10 16  5 11  9]
 [ 6  5 14  9 15  4 10  1 16 12 13 11  7  2  8  3]
 [10  3 11  1  9  2 16  7 14  6  5  8 12  4 13 15]
 [16 12  7  2  8 13  5 11  4  3  9 15  6  1 10 14]
 [ 3 14  2 12  1  5  6 13 11 16  7  9 15  8  4 10]
 [ 9  1  4  6  7  8 15 16 10  2 12  5  3 11 14 13]
 [ 7  8 15 16 10 11  2  9 13 14  3  4  1 12  5  6]
 [11 13 10  5  3 14 12  4 15  8  6  1  9  7 16  2]
 [ 4 15  5 13 11  1  3  6  8  9 10  7 14 16  2 12]
 [14 11  1  8 16  7  9 12  5 13  2  6 10 15  3  4]
 [ 2  7  9  3 14 10  8  5 12  4 15 16 11 13  6  1]
 [12  6 16 10 13 15  4  2  1 11 14  3  8  9  7  5]]

[[ 1  2  3  4  5  6  7  8  9 10 11 12 13 14 15 16]
 [ 8 16 13  7 12  1  3 14  6 15  4  2  5 10 11  9]
 [15  9 12 11  4 16 13 10  3  5  8 14  2  6  1  7]
 [ 5 10  6 14  2  9 11 15  7  1 16 13  4  3 12  8]
 [13  4  8 15  6 14 12  3  2  7  1 10 16  5  9 11]
 [ 6  5 14  9 15  4 10  1 16 12 13 11  7  2  8  3]
 [10  3 11  1 16  2  9  7 14  6  5  8 12 15 13  4]
 [16 12  7  2  8 13  5 11  4  3  9 15  6  1 10 14]
 [ 3 14  2 12  1  5  6 13 11 16  7  9 15  8  4 10]
 [ 9  1  4  6  7  8 15 16 10  2 12  5  3 11 14 13]
 [ 7  8 15 16 10 11  2  9 13 14  3  4  1 12  5  6]
 [11 13 10  5  3 12 14  4 15  8  6  1  9  7 16  2]
 [ 4 15  5 13 11  3  1  6  8  9 10  7 14 16  2 12]
 [14 11  1  8  9  7 16 12  5 13  2  6 10  4  3 15]
 [ 2  6  9  3 14 10  8  5 12  4 15 16 11 13  7  1]
 [12  7 16 10 13 15  4  2  1 11 14  3  8  9  6  5]]

[[ 1  2  3  4  5  6  7  8  9 10 11 12 13 14 15 16]
 [ 8 16 13  7 12  1  3 14  6 15  4  2  5 10 11  9]
 [15  9 12 11  4 16 13 10  3  5  8 14  2  6  1  7]
 [ 5 10  6 14  2  9 11 15  7  1 16 13  4  3 12  8]
 [13  4  8 15  6 14 12  3  2  7  1 10 16  5  9 11]
 [ 6  5 14  9 15  4 10  1 16 12 13 11  7  2  8  3]
 [10  3 11  1 16  2  9  7 14  6  5  8 12 15 13  4]
 [16 12  7  2  8 13  5 11  4  3  9 15  6  1 10 14]
 [ 3 14  2 12  1  5  6 13 11 16  7  9 10  8  4 15]
 [ 9  1  4  6  7  8 15 16 10  2 12  5  3 11 14 13]
 [ 7  8 15 16 10 11  2  9 13 14  3  4  1 12  5  6]
 [11 13 10  5  3 12 14  4 15  8  6  1  9  7 16  2]
 [ 4 15  5 13 11  3  1  6  8  9 10  7 14 16  2 12]
 [14 11  1  8  9  7 16 12  5 13  2  6 15  4  3 10]
 [ 2  6  9  3 14 10  8  5 12  4 15 16 11 13  7  1]
 [12  7 16 10 13 15  4  2  1 11 14  3  8  9  6  5]]

[[ 1  2  3  4  5  6  7  8  9 10 11 12 13 14 15 16]
 [13 16  8  7 12  1  3 14  6 15  4  2  5 10  9 11]
 [15  9 12 11  4 16 13 10  3  5  8 14  2  6  1  7]
 [ 5 10  6 14  2  9 11 15  7  1 16 13  4  3 12  8]
 [ 8  4 13 15  6 12 14  3  2  7  1 10 16  5 11  9]
 [ 6  5 14  9 15  4 10  1 16 12 13 11  7  2  8  3]
 [10  3 11  1  9  2 16  7 14  6  5  8 12  4 13 15]
 [16 12  7  2  8 13  5 11  4  3  9 15  6  1 10 14]
 [ 3 14  2 12  1  5  6 13 11 16  7  9 15  8  4 10]
 [ 9  1  4  6  7  8 15 16 10  2 12  5  3 11 14 13]
 [ 7  8 15 16 10 11  2  9 13 14  3  4  1 12  5  6]
 [11 13 10  5  3 14 12  4 15  8  6  1  9  7 16  2]
 [ 4 15  5 13 11  3  1  6  8  9 10  7 14 16  2 12]
 [14 11  1  8 16  7  9 12  5 13  2  6 10 15  3  4]
 [ 2  7  9  3 14 10  8  5 12  4 15 16 11 13  6  1]
 [12  6 16 10 13 15  4  2  1 11 14  3  8  9  7  5]]

[[ 1  2  3  4  5  6  7  8  9 10 11 12 13 14 15 16]
 [ 8 16 13  7 12  3  1 14  6 15  4  2  5 10  9 11]
 [15  9 12 11  4 16 13 10  3  5  8 14  2  6  1  7]
 [ 5 10  6 14  2  9 11 15  7  1 16 13  4  3 12  8]
 [13  4  8 15  6 12 14  3  2  7  1 10 16  5 11  9]
 [ 6  5 14  9 15  4 10  1 16 12 13 11  7  2  8  3]
 [10  3 11  1  7  2  9 16 14  6  5  8 12  4 13 15]
 [16 12  7  2  8 13  5 11  4  3  9 15  6  1 10 14]
 [ 3 14  2 12  1  5  6 13 11 16  7  9 15  8  4 10]
 [ 9  1  4  6 16  8 15  7 10  2 12  5  3 11 14 13]
 [ 7  8 15 16 10 11  2  9 13 14  3  4  1 12  5  6]
 [11 13 10  5  3 14 12  4 15  8  6  1  9  7 16  2]
 [ 4 15  5 13 11  1  3  6  8  9 10  7 14 16  2 12]
 [14 11  1  8  9  7 16 12  5 13  2  6 10 15  3  4]
 [ 2  6  9  3 14 10  8  5 12  4 15 16 11 13  7  1]
 [12  7 16 10 13 15  4  2  1 11 14  3  8  9  6  5]]

[[ 1  2  3  4  5  6  7  8  9 10 11 12 13 14 15 16]
 [ 8 16 13  7 12  3  1 14  6 15  4  2  5 11  9 10]
 [15  9 12 11  4 16 13 10  3  5  8 14  2  6  1  7]
 [ 5 10  6 14  2  9 11 15  7  1 16 13  4  3 12  8]
 [13  4  8 15  6 12 14  3  2  7  1 10 16  5 11  9]
 [ 6  5 14  9 15  4 10  1 16 12 13 11  7  2  8  3]
 [10  3 11  1 16  2  9  7 14  6  5  8 12  4 13 15]
 [16 12  7  2  8 13  5 11  4  3  9 15  6  1 10 14]
 [ 3 14  2 12  1  5  6 13 10 16  7  9 15  8  4 11]
 [ 9  1  4  6  7  8 15 16 11  2 12  5  3 10 14 13]
 [ 7  8 15 16 10 11  2  9 13 14  3  4  1 12  5  6]
 [11 13 10  5  3 14 12  4 15  8  6  1  9  7 16  2]
 [ 4 15  5 13 11  1  3  6  8  9 10  7 14 16  2 12]
 [14 11  1  8  9  7 16 12  5 13  2  6 10 15  3  4]
 [ 2  6  9  3 14 10  8  5 12  4 15 16 11 13  7  1]
 [12  7 16 10 13 15  4  2  1 11 14  3  8  9  6  5]]

[[ 1  2  3  4  5  6  7  8  9 10 11 12 13 14 15 16]
 [ 8 16 13  7  3  1 12 14 15  4  6  2  5 10 11  9]
 [15  9 12 11  4 16 13 10  3  5  8 14  2  6  1  7]
 [ 5 10  6 14  2  9 11 15  7  1 16 13  4  3 12  8]
 [13  4  8 15  6 12 14  3  2  7  1 10 16  5  9 11]
 [ 6  5 14  9 15  4 10  1 16 12 13 11  7  2  8  3]
 [10  3 11  1  9  2 16  7 14  6  5  8 12  4 13 15]
 [16 12  7  2  8 13  5 11  4  3  9 15  6  1 10 14]
 [ 3 14  2 12  1  5  6 13 11 16  7  9 15  8  4 10]
 [ 9  1  4  6  7  8 15 16 10  2 12  5  3 11 14 13]
 [ 7  8 15 16 10 11  2  9 13 14  3  4  1 12  5  6]
 [11 13 10  5 12 14  3  4  6  8 15  1  9  7 16  2]
 [ 4 15  5 13 11  3  1  6  8  9 10  7 14 16  2 12]
 [14 11  1  8 16  7  9 12  5 13  2  6 10 15  3  4]
 [ 2  6  9  3 14 10  8  5 12 15  4 16 11 13  7  1]
 [12  7 16 10 13 15  4  2  1 11 14  3  8  9  6  5]]

[[ 1  2  3  4  5  6  7  8  9 10 11 12 13 14 15 16]
 [ 8 16 13  7 12  3  1 14  6 15  4  2  5 11  9 10]
 [15  9 12 11  4 16 13 10  3  5  8 14  2  6  1  7]
 [ 5 10  6 14  2  9 11 15  7  1 16 13  4  3 12  8]
 [13  4  8 15  6 12 14  3  2  7  1 10 16  5 11  9]
 [ 6  5 14  9 15  4 10  1 16 12 13 11  7  2  8  3]
 [11  3 10  1 16  2  9  7 14  6  5  8 12  4 13 15]
 [16 12  7  2  8 13  5 11  4  3  9 15  6  1 10 14]
 [ 3 14  2 12  1  5  6 13 10 16  7  9 15  8  4 11]
 [ 9  1  4  6  7  8 15 16 11  2 12  5  3 10 14 13]
 [ 7  8 15 16 10 11  2  9 13 14  3  4  1 12  5  6]
 [10 13 11  5  3 14 12  4 15  8  6  1  9  7 16  2]
 [ 4 15  5 13 11  1  3  6  8  9 10  7 14 16  2 12]
 [14 11  1  8  9  7 16 12  5 13  2  6 10 15  3  4]
 [ 2  6  9  3 14 10  8  5 12  4 15 16 11 13  7  1]
 [12  7 16 10 13 15  4  2  1 11 14  3  8  9  6  5]]

[[ 1  2  3  4  5  6  7  8  9 10 11 12 13 14 15 16]
 [ 8 16 13  7 12  3  1 14  6 15  4  2  5 11  9 10]
 [15  9 12 11  4 16 13 10  3  5  8 14  2  6  1  7]
 [ 5 10  6 14  2  9 11 15  7  1 16 13  4  3 12  8]
 [13  4  8 15  6 12 14  3  2  7  1 10 16  5 11  9]
 [ 6  5 14  9 15  4 10  1 16 12 13 11  7  2  8  3]
 [10  3 11  1  7  2  9 16 14  6  5  8 12  4 13 15]
 [16 12  7  2  8 13  5 11  4  3  9 15  6  1 10 14]
 [ 3 14  2 12  1  5  6 13 10 16  7  9 15  8  4 11]
 [ 9  1  4  6 16  8 15  7 11  2 12  5  3 10 14 13]
 [ 7  8 15 16 10 11  2  9 13 14  3  4  1 12  5  6]
 [11 13 10  5  3 14 12  4 15  8  6  1  9  7 16  2]
 [ 4 15  5 13 11  1  3  6  8  9 10  7 14 16  2 12]
 [14 11  1  8  9  7 16 12  5 13  2  6 10 15  3  4]
 [ 2  6  9  3 14 10  8  5 12  4 15 16 11 13  7  1]
 [12  7 16 10 13 15  4  2  1 11 14  3  8  9  6  5]]

[[ 1  2  3  4  5  6  7  8  9 10 11 12 13 14 15 16]
 [ 8 16 13  7  3  1 12 14 15  4  6  2  5 10 11  9]
 [15  9 12 11  4 16 13 10  3  5  8 14  2  6  1  7]
 [ 5 10  6 14  2  9 11 15  7  1 16 13  4  3 12  8]
 [13  4  8 15  6 12 14  3  2  7  1 10 16  5  9 11]
 [ 6  5 14  9 15  4 10  1 16 12 13 11  7  2  8  3]
 [10  3 11  1  9  2 16  7 14  6  5  8 12  4 13 15]
 [16 12  7  2  8 13  5 11  4  3  9 15  6  1 10 14]
 [ 3 14  2 12  1  5  6 13 11 16  7  9 15  8  4 10]
 [ 9  1  4  6  7  8 15 16 10  2 12  5  3 11 14 13]
 [ 7  8 15 16 10 11  2  9 13 14  3  4  1 12  5  6]
 [11 13 10  5 12 14  3  4  6  8 15  1  9  7 16  2]
 [ 4 15  5 13 11  3  1  6  8  9 10  7 14 16  2 12]
 [14 11  1  8 16  7  9 12  5 15  2  6 10 13  3  4]
 [ 2  6  9  3 14 10  8  5 12 13  4 16 11 15  7  1]
 [12  7 16 10 13 15  4  2  1 11 14  3  8  9  6  5]]

[[ 1  2  3  4  5  6  7  8  9 10 11 12 13 14 15 16]
 [13 16  8  7 12  3  1 14  6 15  4  2  5 10  9 11]
 [15  9 12 11  4 16 13 10  3  5  8 14  2  6  1  7]
 [ 5 10  6 14  2  9 11 15  7  1 16 13  4  3 12  8]
 [ 8  4 11 15  6 12 14  3  2  7  1 10 16  5 13  9]
 [ 6  5 14  9 15  4 10  1 16 12 13 11  7  2  8  3]
 [10  3 13  1  9  2 16  7 14  6  5  8 12  4 11 15]
 [16 12  7  2  8 13  5 11  4  3  9 15  6  1 10 14]
 [ 3 14  2 12  1  5  6 13 11 16  7  9 15  8  4 10]
 [ 9  1  4  6  7  8 15 16 10  2 12  5  3 11 14 13]
 [ 7  8 15 16 10 11  2  9 13 14  3  4  1 12  5  6]
 [11 13 10  5  3 14 12  4 15  8  6  1  9  7 16  2]
 [ 4 15  5 13 11  1  3  6  8  9 10  7 14 16  2 12]
 [14 11  1  8 16  7  9 12  5 13  2  6 10 15  3  4]
 [ 2  6  9  3 14 10  8  5 12  4 15 16 11 13  7  1]
 [12  7 16 10 13 15  4  2  1 11 14  3  8  9  6  5]]

[[ 1  2  3  4  5  6  7  8  9 10 11 12 13 14 15 16]
 [ 8 16 13  7 12  3  1 14  6 15  4  2  5 10 11  9]
 [15  9 12 11  4 16 13 10  3  5  8 14  2  6  1  7]
 [ 5 10  6 14  2  9 11 15  7  1 16 13  4  3 12  8]
 [13  4  8 15  6 12 14  3  2  7  1 10 16  5  9 11]
 [ 6  5 14  9 15  4 10  1 16 12 13 11  7  2  8  3]
 [10  3 11  1  7  2  9 16 14  6  5  8 12  4 13 15]
 [16 12  7  2  8 13  5 11  4  3  9 15  6  1 10 14]
 [ 3 14  2 12  1  5  6 13 11 16  7  9 15  8  4 10]
 [ 9  1  4  6 16  8 15  7 10  2 12  5  3 11 14 13]
 [ 7  8 15 16 10 11  2  9 13 14  3  4  1 12  5  6]
 [11 13 10  5  3 14 12  4 15  8  6  1  9  7 16  2]
 [ 4 15  5 13 11  1  3  6  8  9 10  7 14 16  2 12]
 [14 11  1  8  9  7 16 12  5 13  2  6 10 15  3  4]
 [ 2  6  9  3 14 10  8  5 12  4 15 16 11 13  7  1]
 [12  7 16 10 13 15  4  2  1 11 14  3  8  9  6  5]]

[[ 1  2  3  4  5  6  7  8  9 10 11 12 13 14 15 16]
 [ 8 16 13  7 12  3  1 14  6 15  4  2  5 11  9 10]
 [15  9 12 11  4 16 13 10  3  5  8 14  2  6  1  7]
 [ 5 10  6 14  2  9 11 15  7  1 16 13  4  3 12  8]
 [13  4  8 15  6 12 14  3  2  7  1 10 16  5 11  9]
 [ 6  5 14  9 15  4 10  1 16 12 13 11  7  2  8  3]
 [10  3 11  1  7  2  9 16 14  6  5  8 12 15 13  4]
 [16 12  7  2  8 13  5 11  4  3  9 15  6  1 10 14]
 [ 3 14  2 12  1  5  6 13 10 16  7  9 15  8  4 11]
 [ 9  1  4  6 16  8 15  7 11  2 12  5  3 10 14 13]
 [ 7  8 15 16 10 11  2  9 13 14  3  4  1 12  5  6]
 [11 13 10  5  3 14 12  4 15  8  6  1  9  7 16  2]
 [ 4 15  5 13 11  1  3  6  8  9 10  7 14 16  2 12]
 [14 11  1  8  9  7 16 12  5 13  2  6 10  4  3 15]
 [ 2  6  9  3 14 10  8  5 12  4 15 16 11 13  7  1]
 [12  7 16 10 13 15  4  2  1 11 14  3  8  9  6  5]]

[[ 1  2  3  4  5  6  7  8  9 10 11 12 13 14 15 16]
 [13 16  8  7 12  3  1 14  6 15  4  2  5 10  9 11]
 [15  9 12 11  4 16 13 10  3  5  8 14  2  6  1  7]
 [ 5 10  6 14  2  9 11 15  7  1 16 13  4  3 12  8]
 [ 8  4 13 15  6 12 14  3  2  7  1 10 16  5 11  9]
 [ 6  5 14  9 15  4 10  1 16 12 13 11  7  2  8  3]
 [10  3 11  1  9  2 16  7 14  6  5  8 12  4 13 15]
 [16 12  7  2  8 13  5 11  4  3  9 15  6  1 10 14]
 [ 3 14 10 12  1  5  6 13 11 16  7  9 15  8  4  2]
 [ 9  1  4  6  7  8 15 16 10  2 12  5  3 11 14 13]
 [ 7  8 15 16 10 11  2  9 13 14  3  4  1 12  5  6]
 [11 13  2  5  3 14 12  4 15  8  6  1  9  7 16 10]
 [ 4 15  5 13 11  1  3  6  8  9 10  7 14 16  2 12]
 [14 11  1  8 16  7  9 12  5 13  2  6 10 15  3  4]
 [ 2  7  9  3 14 10  8  5 12  4 15 16 11 13  6  1]
 [12  6 16 10 13 15  4  2  1 11 14  3  8  9  7  5]]

[[ 1  2  3  4  5  6  7  8  9 10 11 12 13 14 15 16]
 [ 8 16 13  7  3  1 12 14  6  4 15  2  5 10 11  9]
 [15  9 12 11  4 16 13 10  3  5  8 14  2  6  1  7]
 [ 5 10  6 14  2  9 11 15  7  1 16 13  4  3 12  8]
 [13  4  8 15  6 12 14  3  2  7  1 10 16  5  9 11]
 [ 6  5 14  9 15  4 10  1 16 12 13 11  7  2  8  3]
 [10  3 11  1  9  2 16  7 14  6  5  8 12  4 13 15]
 [16 12  7  2  8 13  5 11  4  3  9 15  6  1 10 14]
 [ 3 14  2 12  1  5  6 13 11 16  7  9 15  8  4 10]
 [ 9  1  4  6  7  8 15 16 10  2 12  5  3 11 14 13]
 [ 7  8 15 16 10 11  2  9 13 14  3  4  1 12  5  6]
 [11 13 10  5 12 14  3  4 15  8  6  1  9  7 16  2]
 [ 4 15  5 13 11  3  1  6  8  9 10  7 14 16  2 12]
 [14 11  1  8 16  7  9 12  5 13  2  6 10 15  3  4]
 [ 2  6  9  3 14 10  8  5 12 15  4 16 11 13  7  1]
 [12  7 16 10 13 15  4  2  1 11 14  3  8  9  6  5]]

[[ 1  2  3  4  5  6  7  8  9 10 11 12 13 14 15 16]
 [13 16  8  7 12  3  1 14  6 15  4  2  5 10  9 11]
 [15  9 12 11  4 16 13 10  3  5  8 14  2  6  1  7]
 [ 5 10  6 14  2  9 11 15  7  1 16 13  4  3 12  8]
 [ 8  4 13 15  6 12 14  3  2  7  1 10 16  5 11  9]
 [ 6  5 14  9 15  4 10  1 16 12 13 11  7  2  8  3]
 [10  3 11  1  9  2 16  7 14  6  5  8 12  4 13 15]
 [16 12  7  2  8 13  5 11  4  3  9 15  6  1 10 14]
 [ 7 14  2 12  1  5  6 13 11 16  3  9 15  8  4 10]
 [ 9  1  4  6  7  8 15 16 10  2 12  5  3 11 14 13]
 [ 3  8 15 16 10 11  2  9 13 14  7  4  1 12  5  6]
 [11 13 10  5  3 14 12  4 15  8  6  1  9  7 16  2]
 [ 4 15  5 13 11  1  3  6  8  9 10  7 14 16  2 12]
 [14 11  1  8 16  7  9 12  5 13  2  6 10 15  3  4]
 [ 2  6  9  3 14 10  8  5 12  4 15 16 11 13  7  1]
 [12  7 16 10 13 15  4  2  1 11 14  3  8  9  6  5]]

[[ 1  2  3  4  5  6  7  8  9 10 11 12 13 14 15 16]
 [ 8 16 13  7  3  1 12 14  6 15  4  2  5 10  9 11]
 [15  9 12 11  4 16 13 10  3  5  8 14  2  6  1  7]
 [ 5 10  6 14  2  9 11 15  7  1 16 13  4  3 12  8]
 [13  4  8 15  6 12 14  3  2  7  1 10 16  5 11  9]
 [ 6  5 14  9 15  2 10  1 16 12 13 11  7  4  8  3]
 [10  3 11  1  9  4 16  7 14  6  5  8 12  2 13 15]
 [16 12  7  2  8 13  5 11  4  3  9 15  6  1 10 14]
 [ 3 14  2 12  1  5  6 13 11 16  7  9 15  8  4 10]
 [ 9  1  4  6  7  8 15 16 10  2 12  5  3 11 14 13]
 [ 7  8 15 16 10 11  2  9 13 14  3  4  1 12  5  6]
 [11 13 10  5 12 14  3  4 15  8  6  1  9  7 16  2]
 [ 4 15  5 13 11  3  1  6  8  9 10  7 14 16  2 12]
 [14 11  1  8 16  7  9 12  5 13  2  6 10 15  3  4]
 [ 2  6  9  3 14 10  8  5 12  4 15 16 11 13  7  1]
 [12  7 16 10 13 15  4  2  1 11 14  3  8  9  6  5]]

[[ 1  2  3  4  5  6  7  8  9 10 11 12 13 14 15 16]
 [ 8 16 13  7 12  3  1 14  6 15  4  2  5 10  9 11]
 [15  9 12 11  4 16 13 10  3  5  8 14  2  6  1  7]
 [ 5 10  6 14  2  9 11 15  7  1 16 13  4  3 12  8]
 [13  4  8 15  6 12 14  3  2  7  1 10 16  9 11  5]
 [ 6  5 14  9 15  4 10  1 16 12 13 11  7  2  8  3]
 [10  3 11  1  7  2  9 16 14  6  5  8 12  4 13 15]
 [16 12  7  2  8 13  5 11  4  3  9 15  6  1 10 14]
 [ 3 14  2 12  1  5  6 13 11 16  7  9 15  8  4 10]
 [ 9  1  4  6 16  8 15  7 10  2 12  5  3 11 14 13]
 [ 7  8 15 16 10 11  2  9 13 14  3  4  1 12  5  6]
 [11 13 10  5  3 14 12  4 15  8  6  1  9  7 16  2]
 [ 4 15  5 13 11  1  3  6  8  9 10  7 14 16  2 12]
 [14 11  1  8  9  7 16 12  5 13  2  6 10 15  3  4]
 [ 2  6  9  3 14 10  8  5 12  4 15 16 11 13  7  1]
 [12  7 16 10 13 15  4  2  1 11 14  3  8  5  6  9]]

[[ 1  2  3  4  5  6  7  8  9 10 11 12 13 14 15 16]
 [13 16  8  7 12  3  1 14  6 15  4  2  5 10  9 11]
 [15  9 12 11  4 16 13 10  3  5  8 14  2  6  1  7]
 [ 5 10  6 14  2  9 11 15  7  1 16 13  4  3 12  8]
 [ 8  4 13 15  6 12 14  3  2  7  1 10 16  5 11  9]
 [ 9  5 14  6 15  4 10  1 16 12 13 11  7  2  8  3]
 [10  3 11  1  9  2 16  7 14  6  5  8 12  4 13 15]
 [16 12  7  2  8 13  5 11  4  3  9 15  6  1 10 14]
 [ 7 14  2 12  1  5  6 13 11 16  3  9 15  8  4 10]
 [ 6  1  4  9  7  8 15 16 10  2 12  5  3 11 14 13]
 [ 3  8 15 16 10 11  2  9 13 14  7  4  1 12  5  6]
 [11 13 10  5  3 14 12  4 15  8  6  1  9  7 16  2]
 [ 4 15  5 13 11  1  3  6  8  9 10  7 14 16  2 12]
 [14 11  1  8 16  7  9 12  5 13  2  6 10 15  3  4]
 [ 2  6  9  3 14 10  8  5 12  4 15 16 11 13  7  1]
 [12  7 16 10 13 15  4  2  1 11 14  3  8  9  6  5]]

[[ 1  2  3  4  5  6  7  8  9 10 11 12 13 14 15 16]
 [13 16  8  7 12  3  1 14  6 15  4  2  5 10  9 11]
 [15  9 12 11  4 16 13 10  3  5  8 14  2  6  1  7]
 [ 5 10  6 14  2  9 11 15  7  1 16 13  4  3 12  8]
 [ 8  4 13 15  6 14 12  3  2  7  1 10 16  5 11  9]
 [ 9  5 14  6 15  4 10  1 16 12 13 11  7  2  8  3]
 [10  3 11  1  9  2 16  7 14  6  5  8 12  4 13 15]
 [16 12  7  2  8 13  5 11  4  3  9 15  6  1 10 14]
 [ 7 14  2 12  1  5  6 13 11 16  3  9 15  8  4 10]
 [ 6  1  4  9  7  8 15 16 10  2 12  5  3 11 14 13]
 [ 3  8 15 16 10 11  2  9 13 14  7  4  1 12  5  6]
 [11 13 10  5  3 12 14  4 15  8  6  1  9  7 16  2]
 [ 4 15  5 13 11  1  3  6  8  9 10  7 14 16  2 12]
 [14 11  1  8 16  7  9 12  5 13  2  6 10 15  3  4]
 [ 2  6  9  3 14 10  8  5 12  4 15 16 11 13  7  1]
 [12  7 16 10 13 15  4  2  1 11 14  3  8  9  6  5]]

[[ 1  2  3  4  5  6  7  8  9 10 11 12 13 14 15 16]
 [13 16  8  7 12  3  1 14  6 15  4  2  5 10  9 11]
 [15  9 12 11  4 16 13 10  3  5  8 14  2  6  1  7]
 [ 5 10  6 14  2  9 11 15  7  1 16 13  4  3 12  8]
 [ 8  4 13 15  6 12 14  3  2  7  1 10 16  5 11  9]
 [ 6  5 14  9 15  4 10  1 16 12 13 11  7  2  8  3]
 [10  1 11  3  9  2 16  7 14  6  5  8 12  4 13 15]
 [16 12  7  2  8 13  5 11  4  3  9 15  6  1 10 14]
 [ 7 14  2 12  1  5  6 13 11 16  3  9 15  8  4 10]
 [ 9  6  4  1  7  8 15 16 10  2 12  5  3 11 14 13]
 [ 3  8 15 16 10 11  2  9 13 14  7  4  1 12  5  6]
 [11 13 10  5  3 14 12  4 15  8  6  1  9  7 16  2]
 [ 4 15  5 13 11  1  3  6  8  9 10  7 14 16  2 12]
 [14 11  1  8 16  7  9 12  5 13  2  6 10 15  3  4]
 [ 2  3  9  6 14 10  8  5 12  4 15 16 11 13  7  1]
 [12  7 16 10 13 15  4  2  1 11 14  3  8  9  6  5]]

[[ 1  2  3  4  5  6  7  8  9 10 11 12 13 14 15 16]
 [ 8 16 13  7 12  1  3 14  6  4 15  2  5 10 11  9]
 [15  9 12 11  4 16 13 10  3  5  8 14  2  6  1  7]
 [ 5 10  6 14  2  9 11 15  7  1 16 13  4  3 12  8]
 [13  4  8 15  6 12 14  3  2  7  1 10 16  5  9 11]
 [ 6  5 14  9 15  4 10  1 16 12 13 11  7  2  8  3]
 [10  3 11  1  9  2 16  7 14  6  5  8 12  4 13 15]
 [16 12  7  2  8 13  5 11  4  3  9 15  6  1 10 14]
 [ 3 14  2 12  1  5  6 13 11 16  7  9 15  8  4 10]
 [ 9  1  4  6  7  8 15 16 10  2 12  5  3 11 14 13]
 [ 7  8 15 16 10 11  2  9 13 14  3  4  1 12  5  6]
 [11 13 10  5  3 14 12  4 15  8  6  1  9  7 16  2]
 [ 4 15  5 13 11  3  1  6  8  9 10  7 14 16  2 12]
 [14 11  1  8 16  7  9 12  5 13  2  6 10 15  3  4]
 [ 2  6  9  3 14 10  8  5 12 15  4 16 11 13  7  1]
 [12  7 16 10 13 15  4  2  1 11 14  3  8  9  6  5]]

[[ 1  2  3  4  5  6  7  8  9 10 11 12 13 14 15 16]
 [ 8 16 13  7 12  3  1 14  6 15  4  2  5 11  9 10]
 [15  9 12 11 13 16  4 10  3  5  8 14  2  6  1  7]
 [ 5 10  6 14  2  9 11 15  7  1 16 13  4  3 12  8]
 [13  4  8 15  6 12 14  3  2  7  1 10 16  5 11  9]
 [ 6  5 14  9 15  4 10  1 16 12 13 11  7  2  8  3]
 [10  3 11  1  7  2  9 16 14  6  5  8 12 15 13  4]
 [16 12  7  2  8 13  5 11  4  3  9 15  6  1 10 14]
 [ 3 14  2 12  1  5  6 13 10 16  7  9 15  8  4 11]
 [ 9  1  4  6 16  8 15  7 11  2 12  5  3 10 14 13]
 [ 7  8 15 16 10 11  2  9 13 14  3  4  1 12  5  6]
 [11 13 10  5  3 14 12  4 15  8  6  1  9  7 16  2]
 [ 4 15  5 13 11  1  3  6  8  9 10  7 14 16  2 12]
 [14 11  1  8  9  7 16 12  5 13  2  6 10  4  3 15]
 [ 2  6  9  3 14 10  8  5 12  4 15 16 11 13  7  1]
 [12  7 16 10  4 15 13  2  1 11 14  3  8  9  6  5]]

[[ 1  2  3  4  5  6  7  8  9 10 11 12 13 14 15 16]
 [13 16  8  7 12  3  1 14  6  4 15  2  5 10  9 11]
 [15  9 12 11  4 16 13 10  3  5  8 14  2  6  1  7]
 [ 5 10  6 14  2  9 11 15  7  1 16 13  4  3 12  8]
 [ 8  4 13 15  6 12 14  3  2  7  1 10 16  5 11  9]
 [ 6  5 14  9 15  4 10  1 16 12 13 11  7  2  8  3]
 [10  1 11  3  9  2 16  7 14  6  5  8 12  4 13 15]
 [16 12  7  2  8 13  5 11  4  3  9 15  6  1 10 14]
 [ 7 14  2 12  1  5  6 13 11 16  3  9 15  8  4 10]
 [ 9  6  4  1  7  8 15 16 10  2 12  5  3 11 14 13]
 [ 3  8 15 16 10 11  2  9 13 14  7  4  1 12  5  6]
 [11 13 10  5  3 14 12  4 15  8  6  1  9  7 16  2]
 [ 4 15  5 13 11  1  3  6  8  9 10  7 14 16  2 12]
 [14 11  1  8 16  7  9 12  5 13  2  6 10 15  3  4]
 [ 2  3  9  6 14 10  8  5 12 15  4 16 11 13  7  1]
 [12  7 16 10 13 15  4  2  1 11 14  3  8  9  6  5]]

[[ 1  2  3  4  5  6  7  8  9 10 11 12 13 14 15 16]
 [13 16  8  7 12  3  1 14  6  4 15  2  5 10  9 11]
 [15  9 12 11  4 16 13 10  3  5  8 14  2  6  1  7]
 [ 5 10  6 14  9  2 11 15  7  1 16 13  4  3 12  8]
 [ 8  4 13 15  6 12 14  3  2  7  1 10 16  5 11  9]
 [ 6  5 14  9 15  4 10  1 16 12 13 11  7  2  8  3]
 [10  1 11  3  2  9 16  7 14  6  5  8 12  4 13 15]
 [16 12  7  2  8 13  5 11  4  3  9 15  6  1 10 14]
 [ 7 14  2 12  1  5  6 13 11 16  3  9 15  8  4 10]
 [ 9  6  4  1  7  8 15 16 10  2 12  5  3 11 14 13]
 [ 3  8 15 16 10 11  2  9 13 14  7  4  1 12  5  6]
 [11 13 10  5  3 14 12  4 15  8  6  1  9  7 16  2]
 [ 4 15  5 13 11  1  3  6  8  9 10  7 14 16  2 12]
 [14 11  1  8 16  7  9 12  5 13  2  6 10 15  3  4]
 [ 2  3  9  6 14 10  8  5 12 15  4 16 11 13  7  1]
 [12  7 16 10 13 15  4  2  1 11 14  3  8  9  6  5]]

[[ 1  2  3  4  5  6  7  8  9 10 11 12 13 14 15 16]
 [13 16  8  7 12  3  1 14  6 15  4  2  5 10  9 11]
 [15  9 12 11  4 16 13 10  3  5  8 14  2  6  1  7]
 [ 5 10  6 14  2  9 11 15  7  1 16 13  4  3 12  8]
 [ 8  4 13 15  6 12 14  3  2  7  1 10 16  5 11  9]
 [ 6  5 14  9 15  4 10  1 16 12 13 11  7  2  8  3]
 [10  3 11  1  9  2 16  7 14  6  5  8 12  4 13 15]
 [16 12  7  2  8 13  5 11  4  3  9 15  6  1 10 14]
 [ 7 14  2 12  1  5  6 13 11 16  3  9 15  8  4 10]
 [ 9  1  4  6  7  8 15 16 10  2 12  5  3 11 14 13]
 [ 3  8 15 16 10 11  2  9 13 14  7  4  1 12  5  6]
 [11 13 10  5  3 14 12  4 15  8  6  1  9  7 16  2]
 [ 4 15  5 13 11  1  3  6  8  9 10  7 14 16  2 12]
 [14 11  1 10 16  7  9 12  5 13  2  6  8 15  3  4]
 [ 2  6  9  3 14 10  8  5 12  4 15 16 11 13  7  1]
 [12  7 16  8 13 15  4  2  1 11 14  3 10  9  6  5]]

[[ 1  2  3  4  5  6  7  8  9 10 11 12 13 14 15 16]
 [13 16  8  7 12  3  1 14  6 15  4  2  5 10  9 11]
 [15  9 12 11  4 16 13 10  3  5  8 14  2  6  1  7]
 [ 5 10  6 14  2  9 11 15  7  1 16 13  4  3 12  8]
 [ 8  4 13 15  6 12 14  3  2  7  1 10 16  5 11  9]
 [ 6  5 14  9 15  4 10  1 16 12 13 11  7  2  8  3]
 [10  1 11  3 16  2  9  7 14  6  5  8 12  4 13 15]
 [16 12  7  2  8 13  5 11  4  3  9 15  6  1 10 14]
 [ 7 14  2 12  1  5  6 13 11 16  3  9 15  8  4 10]
 [ 9  6  4  1  7  8 15 16 10  2 12  5  3 11 14 13]
 [ 3  8 15 16 10 11  2  9 13 14  7  4  1 12  5  6]
 [11 13 10  5  3 14 12  4 15  8  6  1  9  7 16  2]
 [ 4 15  5 13 11  1  3  6  8  9 10  7 14 16  2 12]
 [14 11  1  8  9  7 16 12  5 13  2  6 10 15  3  4]
 [ 2  3  9  6 14 10  8  5 12  4 15 16 11 13  7  1]
 [12  7 16 10 13 15  4  2  1 11 14  3  8  9  6  5]]

[[ 1  2  3  4  5  6  7  8  9 10 11 12 13 14 15 16]
 [13 16  8  7 12  3  1 14  6  4 15  2  5 10  9 11]
 [15  9 12 11  4 16 13 10  3  5  8 14  2  6  1  7]
 [ 5 10  6 14  9  2 11 15  7  1 16 13  4  3 12  8]
 [ 8  4 13 15  6 12 14  3  2  7  1 10 16  5 11  9]
 [ 6  5 14  9 15  4 10  1 16 12 13 11  7  2  8  3]
 [11  1 10  3  2  9 16  7 14  6  5  8 12  4 13 15]
 [16 12  7  2  8 13  5 11  4  3  9 15  6  1 10 14]
 [ 7 14  2 12  1  5  6 13 11 16  3  9 15  8  4 10]
 [ 9  6  4  1  7  8 15 16 10  2 12  5  3 11 14 13]
 [ 3  8 15 16 10 11  2  9 13 14  7  4  1 12  5  6]
 [10 13 11  5  3 14 12  4 15  8  6  1  9  7 16  2]
 [ 4 15  5 13 11  1  3  6  8  9 10  7 14 16  2 12]
 [14 11  1  8 16  7  9 12  5 13  2  6 10 15  3  4]
 [ 2  3  9  6 14 10  8  5 12 15  4 16 11 13  7  1]
 [12  7 16 10 13 15  4  2  1 11 14  3  8  9  6  5]]

[[ 1  2  3  4  5  6  7  8  9 10 11 12 13 14 15 16]
 [13 16  8  7 12  3  1 14  6 15  4  2  5 10  9 11]
 [15  9 12 11  4 16 13 10  3  5  8 14  2  6  1  7]
 [ 5 10  6 14  2  9 11 15  7  1 16 13  4  3 12  8]
 [ 8  4 13 15  6 12 14  3  2  7  1 10 16  5 11  9]
 [ 6  5 14  9 15  4 10  1 16 12 13 11  7  2  8  3]
 [10  1 11  3  9  2 16  7 14  6  5  8 12  4 13 15]
 [16 12  7  2  8 13  5 11  4  3  9 15  6  1 10 14]
 [ 7 14  2 12  1  5  6 13 11 16  3  9 15  8  4 10]
 [ 9  6  4  1  7  8 15 16 10  2 12  5  3 11 14 13]
 [ 3  8 15 16 10 11  2  9 13 14  7  4  1 12  6  5]
 [11 13 10  5  3 14 12  4 15  8  6  1  9  7 16  2]
 [ 4 15  5 13 11  1  3  6  8  9 10  7 14 16  2 12]
 [14 11  1  8 16  7  9 12  5 13  2  6 10 15  3  4]
 [ 2  3  9  6 14 10  8  5 12  4 15 16 11 13  7  1]
 [12  7 16 10 13 15  4  2  1 11 14  3  8  9  5  6]]

[[ 1  2  3  4  5  6  7  8  9 10 11 12 13 14 15 16]
 [ 8 16 13  7 12  3  1 14  6 15  4  2  5 11  9 10]
 [15  9 12 11 13 16  4 10  3  5  8 14  2  6  1  7]
 [ 5 10  6 14  2  9 11 15  7  1 16 13  4  3 12  8]
 [13  4  8 15  6 12 14  3  2  7  1 10 16  5 11  9]
 [ 6  5 14  9 15  4 10  1 16 12 13 11  7  2  8  3]
 [10  3 11  1  7  2  9 16 14  6  5  8 12 15 13  4]
 [16 12  7  2  8 13  5 11  4  3  9 15  6  1 10 14]
 [ 3 14  2 12  1  5  6 13 10 16  7  9 15  8  4 11]
 [ 9  1  4  6 16  8 15  7 11  2 12  5  3 10 14 13]
 [ 7  8 15 16 10 11  2  9 13 14  3  4  1 12  5  6]
 [11 13 10  5  3 14 12  4 15  8  6  1  9  7 16  2]
 [ 4 15  5 13 11  1  3  6  8  9 10  7 14 16  2 12]
 [14 11  1  8  9  7 16 12  5 13  2  6 10  4  3 15]
 [ 2  7  9  3 14 10  8  5 12  4 15 16 11 13  6  1]
 [12  6 16 10  4 15 13  2  1 11 14  3  8  9  7  5]]

[[ 1  2  3  4  5  6  7  8  9 10 11 12 13 14 15 16]
 [13 16  8  7 12  3  1 14  6 15  4  2  5 10  9 11]
 [15  9 12 11  4 16 13 10  3  5  8 14  2  6  7  1]
 [ 5 10  6 14  2  9 11 15  7  1 16 13  4  3 12  8]
 [ 8  4 13 15  6 12 14  3  2  7  1 10 16  5 11  9]
 [ 6  5 14  9 15  4 10  1 16 12 13 11  7  2  8  3]
 [10  1 11  3 16  2  9  7 14  6  5  8 12  4 13 15]
 [16 12  7  2  8 13  5 11  4  3  9 15  6  1 10 14]
 [ 7 14  2 12  1  5  6 13 11 16  3  9 15  8  4 10]
 [ 9  6  4  1  7  8 15 16 10  2 12  5  3 11 14 13]
 [ 3  8 15 16 10 11  2  9 13 14  7  4  1 12  5  6]
 [11 13 10  5  3 14 12  4 15  8  6  1  9  7 16  2]
 [ 4 15  5 13 11  1  3  6  8  9 10  7 14 16  2 12]
 [14 11  1  8  9  7 16 12  5 13  2  6 10 15  3  4]
 [ 2  3  9  6 14 10  8  5 12  4 15 16 11 13  1  7]
 [12  7 16 10 13 15  4  2  1 11 14  3  8  9  6  5]]

[[ 1  2  3  4  5  6  7  8  9 10 11 12 13 14 15 16]
 [ 8 16 13  7 12  3  1 14  6 15  4  2  5 10  9 11]
 [15  9 12 11  4 16 13 10  3  5  8 14  2  6  1  7]
 [ 5 10  6 14  2  9 11 15  7  1 16 13  4  3 12  8]
 [13  4  8 15  6 12 14  3  2  7  1 10 16  5 11  9]
 [ 6  5 14  9 15  4 10  1 16 12 13 11  7  2  8  3]
 [10  1 11  3  9  2 16  7 14  6  5  8 12  4 13 15]
 [16 12  7  2  8 13  5 11  4  3  9 15  6  1 10 14]
 [ 7 14  2 12  1  5  6 13 11 16  3  9 15  8  4 10]
 [ 9  6  4  1  7  8 15 16 10  2 12  5  3 11 14 13]
 [ 3  8 15 16 10 11  2  9 13 14  7  4  1 12  6  5]
 [11 13 10  5  3 14 12  4 15  8  6  1  9  7 16  2]
 [ 4 15  5 13 11  1  3  6  8  9 10  7 14 16  2 12]
 [14 11  1  8 16  7  9 12  5 13  2  6 10 15  3  4]
 [ 2  3  9  6 14 10  8  5 12  4 15 16 11 13  7  1]
 [12  7 16 10 13 15  4  2  1 11 14  3  8  9  5  6]]

[[ 1  2  3  4  5  6  7  8  9 10 11 12 13 14 15 16]
 [13 16  8  7 12  3  1 14  6 15  4  2  5 10  9 11]
 [15  9 12 11  4 16 13 10  3  5  8 14  2  6  1  7]
 [ 5 10  6 14  9  2 11 15  7  1 16 13  4  3 12  8]
 [ 8  4 13 15  6 12 14  3  2  7  1 10 16  5 11  9]
 [ 6  5 14  9 15  4 10  1 16 12 13 11  7  2  8  3]
 [10  1 11  3  2  9 16  7 14  6  5  8 12  4 13 15]
 [16 12  7  2  8 13  5 11  4  3  9 15  6  1 10 14]
 [ 7 14  2 12  1  5  6 13 11 16  3  9 15  8  4 10]
 [ 9  6  4  1  7  8 15 16 10  2 12  5  3 11 14 13]
 [ 3  8 15 16 10 11  2  9 13 14  7  4  1 12  5  6]
 [11 13 10  5  3 14 12  4 15  8  6  1  9  7 16  2]
 [ 4 15  5 13 11  1  3  6  8  9 10  7 14 16  2 12]
 [14 11  1  8 16  7  9 12  5 13  2  6 10 15  3  4]
 [ 2  3  9  6 14 10  8  5 12  4 15 16 11 13  7  1]
 [12  7 16 10 13 15  4  2  1 11 14  3  8  9  6  5]]

[[ 1  2  3  4  5  6  7  8  9 10 11 12 13 14 15 16]
 [13 16  8  7 12  3  1 14  6 15  4  2  5 10 11  9]
 [15  9 12 11  4 16 13 10  3  5  8 14  2  6  1  7]
 [ 5 10  6 14  2  9 11 15  7  1 16 13  4  3 12  8]
 [ 8  4 13 15  6 12 14  3  2  7  1 10 16  5  9 11]
 [ 6  5 14  9 15  4 10  1 16 12 13 11  7  2  8  3]
 [10  1 11  3 16  2  9  7 14  6  5  8 12  4 13 15]
 [16 12  7  2  8 13  5 11  4  3  9 15  6  1 10 14]
 [ 7 14  2 12  1  5  6 13 11 16  3  9 15  8  4 10]
 [ 9  6  4  1  7  8 15 16 10  2 12  5  3 11 14 13]
 [ 3  8 15 16 10 11  2  9 13 14  7  4  1 12  5  6]
 [11 13 10  5  3 14 12  4 15  8  6  1  9  7 16  2]
 [ 4 15  5 13 11  1  3  6  8  9 10  7 14 16  2 12]
 [14 11  1  8  9  7 16 12  5 13  2  6 10 15  3  4]
 [ 2  3  9  6 14 10  8  5 12  4 15 16 11 13  7  1]
 [12  7 16 10 13 15  4  2  1 11 14  3  8  9  6  5]]

[[ 1  2  3  4  5  6  7  8  9 10 11 12 13 14 15 16]
 [ 8 16 13  7 12  3  1 14  6 15  4  2  5 10  9 11]
 [15  9 12 11  4 16 13 10  3  5  8 14  2  6  1  7]
 [ 5 10  6 14  2  9 11 15  7  1 16 13  4  3 12  8]
 [13  4  8 15  6 12 14  3  2  7  1 10 16  5 11  9]
 [ 9  5 14  6 15  4 10  1 16 12 13 11  7  2  8  3]
 [10  3 11  1  7  2  9 16 14  6  5  8 12  4 13 15]
 [16 12  7  2  8 13  5 11  4  3  9 15  6  1 10 14]
 [ 3 14  2 12  1  5  6 13 11 16  7  9 15  8  4 10]
 [ 6  1  4  9 16  8 15  7 10  2 12  5  3 11 14 13]
 [ 7  8 15 16 10 11  2  9 13 14  3  4  1 12  5  6]
 [11 13 10  5  3 14 12  4 15  8  6  1  9  7 16  2]
 [ 4 15  5 13 11  1  3  6  8  9 10  7 14 16  2 12]
 [14 11  1  8  9  7 16 12  5 13  2  6 10 15  3  4]
 [ 2  6  9  3 14 10  8  5 12  4 15 16 11 13  7  1]
 [12  7 16 10 13 15  4  2  1 11 14  3  8  9  6  5]]

[[ 1  2  3  4  5  6  7  8  9 10 11 12 13 14 15 16]
 [13 16  8  7 12  3  1 14  6  4 15  2  5 10  9 11]
 [15  9 12 11  4 16 13 10  3  5  8 14  2  6  1  7]
 [ 5 10  6 14  2  9 11 15  7  1 16 13  4  3 12  8]
 [ 8  4 13 15  6 12 14  3  2  7  1 10 16  5 11  9]
 [ 6  5 14  9 15  4 10  1 16 12 13 11  7  2  8  3]
 [10 11  1  3  9  2 16  7 14  6  5  8 12  4 13 15]
 [16 12  7  2  8 13  5 11  4  3  9 15  6  1 10 14]
 [ 7 14  2 12  1  5  6 13 11 16  3  9 15  8  4 10]
 [ 9  6  4  1  7  8 15 16 10  2 12  5  3 11 14 13]
 [ 3  8 15 16 10 11  2  9 13 14  7  4  1 12  5  6]
 [11 13 10  5  3 14 12  4 15  8  6  1  9  7 16  2]
 [ 4 15  5 13 11  1  3  6  8  9 10  7 14 16  2 12]
 [14  1 11  8 16  7  9 12  5 13  2  6 10 15  3  4]
 [ 2  3  9  6 14 10  8  5 12 15  4 16 11 13  7  1]
 [12  7 16 10 13 15  4  2  1 11 14  3  8  9  6  5]]

[[ 1  2  3  4  5  6  7  8  9 10 11 12 13 14 15 16]
 [13 16  8  7 12  3  1 14  6  4 15  2  5 10  9 11]
 [15  9 12 11  4 16 13 10  3  5  8 14  2  6  1  7]
 [ 5 10  6 14  9  2 11 15  7  1 16 13  4  3 12  8]
 [ 8  4 13 15  6 12 14  3  2  7  1 10 16  5 11  9]
 [ 6  5 14  9 15  4 10  1 16 12 13 11  7  2  8  3]
 [10  1 11  3  2  9 16  7 14  6  5  8 12  4 13 15]
 [16 12  7  2  8 13  5 11  4  3  9 15  6  1 10 14]
 [ 7 14  2 12  1  5  6 13 11 16  3  9 15  8  4 10]
 [ 9  6  4  1  7  8 15 16 10  2 12  5  3 11 14 13]
 [ 3  8 15 16 10 11  2  9 13 14  7  4  1 12  5  6]
 [11 13 10  5  3 14 12  4 15  8  6  1  9  7 16  2]
 [ 4 15  5 13 11  1  3  2  8  9 10  7 14 16  6 12]
 [14 11  1  8 16  7  9 12  5 13  2  6 10 15  3  4]
 [ 2  3  9  6 14 10  8  5 12 15  4 16 11 13  7  1]
 [12  7 16 10 13 15  4  6  1 11 14  3  8  9  2  5]]

[[ 1  2  3  4  5  6  7  8  9 10 11 12 13 14 15 16]
 [13 16  8  7 12  3  1 14  6  4 15  2  5 10  9 11]
 [15  9 12 11  4 16 13 10  3  5  8 14  2  6  1  7]
 [ 5 10  6 14  9  2 11 15  7  1 16 13  4  3 12  8]
 [ 8  4 13 15  6 12 14  3  2  7  1 10 16  5 11  9]
 [ 6  5 14  9 15  4 10  1 16 12 13 11  7  2  8  3]
 [10  1 11  3  2  9 16  7 14  6  5  8 12 15 13  4]
 [16 12  7  2  8 13  5 11  4  3  9 15  6  1 10 14]
 [ 7 14  2 12  1  5  6 13 11 16  3  9 15  8  4 10]
 [ 9  6  4  1  7  8 15 16 10  2 12  5  3 11 14 13]
 [ 3  8 15 16 10 11  2  9 13 14  7  4  1 12  5  6]
 [11 13 10  5  3 14 12  4 15  8  6  1  9  7 16  2]
 [ 4 15  5 13 11  1  3  6  8  9 10  7 14 16  2 12]
 [14 11  1  8 16  7  9 12  5 13  2  6 10  4  3 15]
 [ 2  3  9  6 14 10  8  5 12 15  4 16 11 13  7  1]
 [12  7 16 10 13 15  4  2  1 11 14  3  8  9  6  5]]

[[ 1  2  3  4  5  6  7  8  9 10 11 12 13 14 15 16]
 [13 16  8  7 12  3  1 14  6 15  4  2  5 10 11  9]
 [15  9 12 11  4 16 13 10  3  5  8 14  2  6  1  7]
 [ 5 10  6 14  2  9 11 15  7  1 16 13  4  3 12  8]
 [ 8  4 13 15  6 12 14  3  2  7  1 10 16  5  9 11]
 [ 6  5 14  9 15  4 10  1 16 12 13 11  7  2  8  3]
 [11  1 10  3 16  2  9  7 14  6  5  8 12  4 13 15]
 [16 12  7  2  8 13  5 11  4  3  9 15  6  1 10 14]
 [ 7 14  2 12  1  5  6 13 11 16  3  9 15  8  4 10]
 [ 9  6  4  1  7  8 15 16 10  2 12  5  3 11 14 13]
 [ 3  8 15 16 10 11  2  9 13 14  7  4  1 12  5  6]
 [10 13 11  5  3 14 12  4 15  8  6  1  9  7 16  2]
 [ 4 15  5 13 11  1  3  6  8  9 10  7 14 16  2 12]
 [14 11  1  8  9  7 16 12  5 13  2  6 10 15  3  4]
 [ 2  3  9  6 14 10  8  5 12  4 15 16 11 13  7  1]
 [12  7 16 10 13 15  4  2  1 11 14  3  8  9  6  5]]

[[ 1  2  3  4  5  6  7  8  9 10 11 12 13 14 15 16]
 [13 16  8  7 12  3  1 14  6  4 15  2  5 10  9 11]
 [15  9 12 11  4 16 13 10  3  5  8 14  2  6  1  7]
 [ 5 10  6 14  9  2 11 15  7  1 16 13  4  3 12  8]
 [ 8  4 13 15  6 12 14  3  2  7  1 10 16  5 11  9]
 [ 6  5 14  9 15  4 10  1 16 12 13 11  7  2  8  3]
 [10  1 11  3  2  9 16  7 14  6  5  8 12  4 13 15]
 [16 12  7  2  8 13  5 11  4  3  9 15  6  1 10 14]
 [ 7 14  2 12  1  5  6 13 11 16  3  9 15  8  4 10]
 [ 9  6  4  1  7  8 15 16 10  2 12  5  3 11 14 13]
 [ 3  8 15 16 10 11  2  9 13 14  7  4  1 12  5  6]
 [11 13 10  5  3 14 12  4 15  8  6  1  9  7 16  2]
 [ 4 15  5 13 11  1  3  6  8  9 10  7 14 16  2 12]
 [14 11  1  8 16  7  9 12  5 13  2  3 10 15  6  4]
 [ 2  3  9  6 14 10  8  5 12 15  4 16 11 13  7  1]
 [12  7 16 10 13 15  4  2  1 11 14  6  8  9  3  5]]

[[ 1  2  3  4  5  6  7  8  9 10 11 12 13 14 15 16]
 [13 16  8  7 12  3  1 14  6  4 15  2  5 10  9 11]
 [15  9 12 11  4 16 13 10  3  5  8 14  2  6  1  7]
 [ 5 10  6 14  9  2 11 15  7  1 16 13  4  3 12  8]
 [ 8  4 13 15  6 12 14  3  2  7  1 10 16  9 11  5]
 [ 6  5 14  9 15  4 10  1 16 12 13 11  7  2  8  3]
 [10  1 11  3  2  9 16  7 14  6  5  8 12  4 13 15]
 [16 12  7  2  8 13  5 11  4  3  9 15  6  1 10 14]
 [ 7 14  2 12  1  5  6 13 11 16  3  9 15  8  4 10]
 [ 9  6  4  1  7  8 15 16 10  2 12  5  3 11 14 13]
 [ 3  8 15 16 10 11  2  9 13 14  7  4  1 12  5  6]
 [11 13 10  5  3 14 12  4 15  8  6  1  9  7 16  2]
 [ 4 15  5 13 11  1  3  6  8  9 10  7 14 16  2 12]
 [14 11  1  8 16  7  9 12  5 13  2  6 10 15  3  4]
 [ 2  3  9  6 14 10  8  5 12 15  4 16 11 13  7  1]
 [12  7 16 10 13 15  4  2  1 11 14  3  8  5  6  9]]

[[ 1  2  3  4  5  6  7  8  9 10 11 12 13 14 15 16]
 [13 16  8  7 12  3  1 14  6  4 15  2  5 10 11  9]
 [15  9 12 11  4 16 13 10  3  5  8 14  2  6  1  7]
 [ 5 10  6 14  9  2 11 15  7  1 16 13  4  3 12  8]
 [ 8  4 13 15  6 12 14  3  2  7  1 10 16  5  9 11]
 [ 6  5 14  9 15  4 10  1 16 12 13 11  7  2  8  3]
 [10  1 11  3  2  9 16  7 14  6  5  8 12  4 13 15]
 [16 12  7  2  8 13  5 11  4  3  9 15  6  1 10 14]
 [ 7 14  2 12  1  5  6 13 11 16  3  9 15  8  4 10]
 [ 9  6  4  1  7  8 15 16 10  2 12  5  3 11 14 13]
 [ 3  8 15 16 10 11  2  9 13 14  7  4  1 12  5  6]
 [11 13 10  5  3 14 12  4 15  8  6  1  9  7 16  2]
 [ 4 15  5 13 11  1  3  6  8  9 10  7 14 16  2 12]
 [14 11  1  8 16  7  9 12  5 13  2  6 10 15  3  4]
 [ 2  3  9  6 14 10  8  5 12 15  4 16 11 13  7  1]
 [12  7 16 10 13 15  4  2  1 11 14  3  8  9  6  5]]

[[ 1  2  3  4  5  6  7  8  9 10 11 12 13 14 15 16]
 [13 16  8  7 12  3  1 14  6  4 15  2  5 10  9 11]
 [15  9 12 11  4 16 13 10  3  5  8 14  2  6  1  7]
 [ 5 10  6 14  9 11  2 15  7  1 16 13  4  3 12  8]
 [ 8  4 13 15  6 12 14  3  2  7  1 10 16  9 11  5]
 [ 6  5 14  9 15  4 10  1 16 12 13 11  7  2  8  3]
 [10  1 11  3  2  9 16  7 14  6  5  8 12  4 13 15]
 [16 12  7  2  8 13  5 11  4  3  9 15  6  1 10 14]
 [ 7 14  2 12  1  5  6 13 11 16  3  9 15  8  4 10]
 [ 9  6  4  1  7  8 15 16 10  2 12  5  3 11 14 13]
 [ 3  8 15 16 10  2 11  9 13 14  7  4  1 12  5  6]
 [11 13 10  5  3 14 12  4 15  8  6  1  9  7 16  2]
 [ 4 15  5 13 11  1  3  6  8  9 10  7 14 16  2 12]
 [14 11  1  8 16  7  9 12  5 13  2  6 10 15  3  4]
 [ 2  3  9  6 14 10  8  5 12 15  4 16 11 13  7  1]
 [12  7 16 10 13 15  4  2  1 11 14  3  8  5  6  9]]

[[ 1  2  3  4  5  6  7  8  9 10 11 12 13 14 15 16]
 [13 16  8  7 12  3  1 14  6  4 15  2  5 10  9 11]
 [15  9 12 11  4 16 13 10  3  5  8 14  2  6  1  7]
 [ 5 10  6 14  9  2 11 15  7  1 16 13  4  3 12  8]
 [ 8  4 13 15  6 14 12  3  2  7  1 10 16  9 11  5]
 [ 6  5 14  9 15  4 10  1 16 12 13 11  7  2  8  3]
 [10  1 11  3  2  9 16  7 14  6  5  8 12  4 13 15]
 [16 12  7  2  8 13  5 11  4  3  9 15  6  1 10 14]
 [ 7 14  2 12  1  5  6 13 11 16  3  9 15  8  4 10]
 [ 9  6  4  1  7  8 15 16 10  2 12  5  3 11 14 13]
 [ 3  8 15 16 10 11  2  9 13 14  7  4  1 12  5  6]
 [11 13 10  5  3 12 14  4 15  8  6  1  9  7 16  2]
 [ 4 15  5 13 11  1  3  6  8  9 10  7 14 16  2 12]
 [14 11  1  8 16  7  9 12  5 13  2  6 10 15  3  4]
 [ 2  3  9  6 14 10  8  5 12 15  4 16 11 13  7  1]
 [12  7 16 10 13 15  4  2  1 11 14  3  8  5  6  9]]

[[ 1  2  3  4  5  6  7  8  9 10 11 12 13 14 15 16]
 [13 16  8  7 12  3  1 14 15  4  6  2  5 10  9 11]
 [15  9 12 11  4 16 13 10  3  5  8 14  2  6  1  7]
 [ 5 10  6 14  9  2 11 15  7  1 16 13  4  3 12  8]
 [ 8  4 13 15  6 12 14  3  2  7  1 10 16  5 11  9]
 [ 6  5 14  9 15  4 10  1 16 12 13 11  7  2  8  3]
 [10  1 11  3  2  9 16  7 14  6  5  8 12  4 13 15]
 [16 12  7  2  8 13  5 11  4  3  9 15  6  1 10 14]
 [ 7 14  2 12  1  5  6 13 11 16  3  9 15  8  4 10]
 [ 9  6  4  1  7  8 15 16 10  2 12  5  3 11 14 13]
 [ 3  8 15 16 10 11  2  9 13 14  7  4  1 12  5  6]
 [11 13 10  5  3 14 12  4  6  8 15  1  9  7 16  2]
 [ 4 15  5 13 11  1  3  2  8  9 10  7 14 16  6 12]
 [14 11  1  8 16  7  9 12  5 13  2  6 10 15  3  4]
 [ 2  3  9  6 14 10  8  5 12 15  4 16 11 13  7  1]
 [12  7 16 10 13 15  4  6  1 11 14  3  8  9  2  5]]

[[ 1  2  3  4  5  6  7  8  9 10 11 12 13 14 15 16]
 [13 16  8  7 12  3  1 14  6 15  4  2  5 10  9 11]
 [15  9 12 11 13 16  4 10  3  5  8 14  2  6  1  7]
 [ 5 10  6 14  2  9 11 15  7  1 16 13  4  3 12  8]
 [ 8  4 13 15  6 12 14  3  2  7  1 10 16  5 11  9]
 [ 6  5 14  9 15  4 10  1 16 12 13 11  7  2  8  3]
 [10  1 11  3 16  2  9  7 14  6  5  8 12  4 13 15]
 [16 12  7  2  8 13  5 11  4  3  9 15  6  1 10 14]
 [ 7 14  2 12  1  5  6 13 11 16  3  9 15  8  4 10]
 [ 9  6  4  1  7  8 15 16 10  2 12  5  3 11 14 13]
 [ 3  8 15 16 10 11  2  9 13 14  7  4  1 12  5  6]
 [11 13 10  5  3 14 12  4 15  8  6  1  9  7 16  2]
 [ 4 15  5 13 11  1  3  6  8  9 10  7 14 16  2 12]
 [14 11  1  8  9  7 16 12  5 13  2  6 10 15  3  4]
 [ 2  3  9  6 14 10  8  5 12  4 15 16 11 13  7  1]
 [12  7 16 10  4 15 13  2  1 11 14  3  8  9  6  5]]

[[ 1  2  3  4  5  6  7  8  9 10 11 12 13 14 15 16]
 [13 16  8  7 12  3  1 14 15  4  6  2  5 10  9 11]
 [15  9 12 11  4 16 13 10  3  5  8 14  2  6  1  7]
 [ 5 10  6 14  9  2 11 15  7  1 16 13  4  3 12  8]
 [ 8  4 13 15  6 12 14  3  2  7  1 10 16  5 11  9]
 [ 6  5 14  9 15  4 10  1 16 12 13 11  7  2  8  3]
 [10  1 11  3  2  9 16  7 14  6  5  8 12  4 13 15]
 [16 12  7  2  8 13  5 11  4  3  9 15  6  1 10 14]
 [ 7 14  2 12  1  5  6 13 11 16  3  9 15  8  4 10]
 [ 9  6  4  5  7  8 15 16 10  2 12  1  3 11 14 13]
 [ 3  8 15 16 10 11  2  9 13 14  7  4  1 12  5  6]
 [11 13 10  1  3 14 12  4  6  8 15  5  9  7 16  2]
 [ 4 15  5 13 11  1  3  2  8  9 10  7 14 16  6 12]
 [14 11  1  8 16  7  9 12  5 13  2  6 10 15  3  4]
 [ 2  3  9  6 14 10  8  5 12 15  4 16 11 13  7  1]
 [12  7 16 10 13 15  4  6  1 11 14  3  8  9  2  5]]

[[ 1  2  3  4  5  6  7  8  9 10 11 12 13 14 15 16]
 [13 16  8  7 12  3  1 14  6  4 15  2  5 10  9 11]
 [15  9 12 11  4 16 13 10  3  5  8 14  2  6  1  7]
 [ 5 10  6 14  2  9 11 15  7  1 16 13  4  3 12  8]
 [ 8  4 13 15  6 12 14  3  2  7  1 10 16  5 11  9]
 [ 6  5 14  9 15  4 10  1 16 12 13 11  7  2  8  3]
 [11  1 10  3  9  2 16  7 14  6  5  8 12  4 13 15]
 [16 12  7  2  8 13  5 11  4  3  9 15  6  1 10 14]
 [ 7 14  2 12  1  5  6 13 11 16  3  9 15  8  4 10]
 [ 9  6  4  1  7  8 15 16 10  2 12  5  3 11 14 13]
 [ 3  8 15 16 10 11  2  9 13 14  7  4  1 12  5  6]
 [10 13 11  5  3 14 12  4 15  8  6  1  9  7 16  2]
 [ 4 15  5 13 11  1  3  6  8  9 10  7 14 16  2 12]
 [14 11  1  8 16  7  9 12  5 13  2  6 10 15  3  4]
 [ 2  3  9  6 14 10  8  5 12 15  4 16 11 13  7  1]
 [12  7 16 10 13 15  4  2  1 11 14  3  8  9  6  5]]

[[ 1  2  3  4  5  6  7  8  9 10 11 12 13 14 15 16]
 [13 16  8  7 12  3  1 14  6  4 15  2  5 10  9 11]
 [15  9 12 11  4 16 13 10  3  5  8 14  2  6  1  7]
 [ 5 10  6 14  2  9 11 15  7  1 16 13  4  3 12  8]
 [ 8  4 13 15  6 12 14  3  2  7  1 10 16  5 11  9]
 [ 6  5 14  9 15  4 10  1 16 12 13 11  7  2  8  3]
 [11  1 10  3  9  2 16  7 14  6  5  8 12 15 13  4]
 [16 12  7  2  8 13  5 11  4  3  9 15  6  1 10 14]
 [ 7 14  2 12  1  5  6 13 11 16  3  9 15  8  4 10]
 [ 9  6  4  1  7  8 15 16 10  2 12  5  3 11 14 13]
 [ 3  8 15 16 10 11  2  9 13 14  7  4  1 12  5  6]
 [10 13 11  5  3 14 12  4 15  8  6  1  9  7 16  2]
 [ 4 15  5 13 11  1  3  6  8  9 10  7 14 16  2 12]
 [14 11  1  8 16  7  9 12  5 13  2  6 10  4  3 15]
 [ 2  3  9  6 14 10  8  5 12 15  4 16 11 13  7  1]
 [12  7 16 10 13 15  4  2  1 11 14  3  8  9  6  5]]

[[ 1  2  3  4  5  6  7  8  9 10 11 12 13 14 15 16]
 [13 16  8  7 12  3  1 14  6 15  4  2  5 10  9 11]
 [15  9 12 11  4 16 13 10  3  5  8 14  2  6  1  7]
 [ 5 10  6 14  2  9 11 15  7  1 16 13  4  3 12  8]
 [ 8  4 13 15  6 12 14  3  2  7  1 10 16  5 11  9]
 [ 6  5 14  9 15  4 10  1 16 12 13 11  7  2  8  3]
 [11  1 10  3 16  2  9  7 14  6  5  8 12  4 13 15]
 [16 12  7  2  8 13  5 11  4  3  9 15  6  1 10 14]
 [ 7 14  2 12  1  5  6 13 11 16  3  9 15  8  4 10]
 [ 9  6  4  1  7  8 15 16 10  2 12  5  3 11 14 13]
 [ 3  8 15 16 10 11  2  9 13 14  7  4  1 12  5  6]
 [10 13 11  5  3 14 12  4 15  8  6  1  9  7 16  2]
 [ 4 15  5 13 11  1  3  6  8  9 10  7 14 16  2 12]
 [14 11  1  8  9  7 16 12  5 13  2  6 10 15  3  4]
 [ 2  3  9  6 14 10  8  5 12  4 15 16 11 13  7  1]
 [12  7 16 10 13 15  4  2  1 11 14  3  8  9  6  5]]

[[ 1  2  3  4  5  6  7  8  9 10 11 12 13 14 15 16]
 [13 16  8  7 12  3  1 14  6 15  4  2  5 10  9 11]
 [15  9 12 11 13 16  4 10  3  5  8 14  2  6  1  7]
 [ 5 10  6 14  2  9 11 15  7  1 16 13  4  3 12  8]
 [ 8  4 13 15  6 12 14  3  2  7  1 10 16  5 11  9]
 [ 6  5 14  9  4 15 10  1 16 12 13 11  7  2  8  3]
 [10  1 11  3 16  2  9  7 14  6  5  8 12  4 13 15]
 [16 12  7  2  8 13  5 11  4  3  9 15  6  1 10 14]
 [ 7 14  2 12  1  5  6 13 11 16  3  9 15  8  4 10]
 [ 9  6  4  1  7  8 15 16 10  2 12  5  3 11 14 13]
 [ 3  8 15 16 10 11  2  9 13 14  7  4  1 12  5  6]
 [11 13 10  5  3 14 12  4 15  8  6  1  9  7 16  2]
 [ 4 15  5 13 11  1  3  6  8  9 10  7 14 16  2 12]
 [14 11  1  8  9  7 16 12  5 13  2  6 10 15  3  4]
 [ 2  3  9  6 14 10  8  5 12  4 15 16 11 13  7  1]
 [12  7 16 10 15  4 13  2  1 11 14  3  8  9  6  5]]

[[ 1  2  3  4  5  6  7  8  9 10 11 12 13 14 15 16]
 [13 16  8  7 12  3  1 14  6 15  4  2  5 10  9 11]
 [15  9 12 11  4 16 13 10  3  5  8 14  2  6  1  7]
 [ 5 10  6 14  2  9 11 15  7  1 16 13  4  3 12  8]
 [ 8  4 13 15  6 12 14  3  2  7  1 10 16  9 11  5]
 [ 6  5 14  9 15  4 10  1 16 12 13 11  7  2  8  3]
 [11  1 10  3 16  2  9  7 14  6  5  8 12  4 13 15]
 [16 12  7  2  8 13  5 11  4  3  9 15  6  1 10 14]
 [ 7 14  2 12  1  5  6 13 11 16  3  9 15  8  4 10]
 [ 9  6  4  1  7  8 15 16 10  2 12  5  3 11 14 13]
 [ 3  8 15 16 10 11  2  9 13 14  7  4  1 12  5  6]
 [10 13 11  5  3 14 12  4 15  8  6  1  9  7 16  2]
 [ 4 15  5 13 11  1  3  6  8  9 10  7 14 16  2 12]
 [14 11  1  8  9  7 16 12  5 13  2  6 10 15  3  4]
 [ 2  3  9  6 14 10  8  5 12  4 15 16 11 13  7  1]
 [12  7 16 10 13 15  4  2  1 11 14  3  8  5  6  9]]

[[ 1  2  3  4  5  6  7  8  9 10 11 12 13 14 15 16]
 [13 16  8  7  9  3  1 14 15  4  6  2  5 10 12 11]
 [15  9 12 11  4 16 13 10  3  5  8 14  2  6  1  7]
 [ 5 10  6 14 12  2 11 15  7  1 16 13  4  3  9  8]
 [ 8  4 13 15  6 12 14  3  2  7  1 10 16  5 11  9]
 [ 6  5 14  9 15  4 10  1 16 12 13 11  7  2  8  3]
 [10  1 11  3  2  9 16  7 14  6  5  8 12  4 13 15]
 [16 12  7  2  8 13  5 11  4  3  9 15  6  1 10 14]
 [ 7 14  2 12  1  5  6 13 11 16  3  9 15  8  4 10]
 [ 9  6  4  5  7  8 15 16 10  2 12  1  3 11 14 13]
 [ 3  8 15 16 10 11  2  9 13 14  7  4  1 12  5  6]
 [11 13 10  1  3 14 12  4  6  8 15  5  9  7 16  2]
 [ 4 15  5 13 11  1  3  2  8  9 10  7 14 16  6 12]
 [14 11  1  8 16  7  9 12  5 13  2  6 10 15  3  4]
 [ 2  3  9  6 14 10  8  5 12 15  4 16 11 13  7  1]
 [12  7 16 10 13 15  4  6  1 11 14  3  8  9  2  5]]

[[ 1  2  3  4  5  6  7  8  9 10 11 12 13 14 15 16]
 [13 16  8  7 12  3  1 14  6 15  4  2  5 10  9 11]
 [15  9 12 11 13 16  4 10  3  5  8 14  2  6  1  7]
 [ 5 10  6 14  2  9 11 15  7  1 16 13  4  3 12  8]
 [ 8  4 13 15  6 12 14  3  2  7  1 10 16  5 11  9]
 [ 6  5 14  9 15  4 10  1 16 12 13 11  7  2  8  3]
 [11  1 10  3 16  2  9  7 14  6  5  8 12  4 13 15]
 [16 12  7  2  8 13  5 11  4  3  9 15  6  1 10 14]
 [ 7 14  2 12  1  5  6 13 11 16  3  9 15  8  4 10]
 [ 9  6  4  1  7  8 15 16 10  2 12  5  3 11 14 13]
 [ 3  8 15 16 10 11  2  9 13 14  7  4  1 12  5  6]
 [10 13 11  5  3 14 12  4 15  8  6  1  9  7 16  2]
 [ 4 15  5 13 11  1  3  6  8  9 10  7 14 16  2 12]
 [14 11  1  8  9  7 16 12  5 13  2  6 10 15  3  4]
 [ 2  3  9  6 14 10  8  5 12  4 15 16 11 13  7  1]
 [12  7 16 10  4 15 13  2  1 11 14  3  8  9  6  5]]

[[ 1  2  3  4  5  6  7  8  9 10 11 12 13 14 15 16]
 [ 8 16 13  7 12  3  1 14 15  4  6  2  5 10  9 11]
 [15  9 12 11  4 16 13 10  3  5  8 14  2  6  1  7]
 [ 5 10  6 14  9  2 11 15  7  1 16 13  4  3 12  8]
 [13  4  8 15  6 12 14  3  2  7  1 10 16  5 11  9]
 [ 6  5 14  9 15  4 10  1 16 12 13 11  7  2  8  3]
 [10  1 11  3  2  9 16  7 14  6  5  8 12  4 13 15]
 [16 12  7  2  8 13  5 11  4  3  9 15  6  1 10 14]
 [ 7 14  2 12  1  5  6 13 11 16  3  9 15  8  4 10]
 [ 9  6  4  1  7  8 15 16 10  2 12  5  3 11 14 13]
 [ 3  8 15 16 10 11  2  9 13 14  7  4  1 12  5  6]
 [11 13 10  5  3 14 12  4  6  8 15  1  9  7 16  2]
 [ 4 15  5 13 11  1  3  2  8  9 10  7 14 16  6 12]
 [14 11  1  8 16  7  9 12  5 13  2  6 10 15  3  4]
 [ 2  3  9  6 14 10  8  5 12 15  4 16 11 13  7  1]
 [12  7 16 10 13 15  4  6  1 11 14  3  8  9  2  5]]

[[ 1  2  3  4  5  6  7  8  9 10 11 12 13 14 15 16]
 [13 16  8  7 12  3  1 14  6 15  4  2  5 10 11  9]
 [15  9 12 11  4 16 13 10  3  5  8 14  2  6  1  7]
 [ 5 10  6 14  2  9 11 15  7  1 16 13  4  3 12  8]
 [ 8  4 13 15  6 12 14  3  2  7  1 10 16  5  9 11]
 [ 6  5 14  9 15  4 10  1 16 12 13 11  7  2  8  3]
 [11  1 10  3 16  2  9  7 14  6  5  8 12 15 13  4]
 [16 12  7  2  8 13  5 11  4  3  9 15  6  1 10 14]
 [ 7 14  2 12  1  5  6 13 11 16  3  9 15  8  4 10]
 [ 9  6  4  1  7  8 15 16 10  2 12  5  3 11 14 13]
 [ 3  8 15 16 10 11  2  9 13 14  7  4  1 12  5  6]
 [10 13 11  5  3 14 12  4 15  8  6  1  9  7 16  2]
 [ 4 15  5 13 11  1  3  6  8  9 10  7 14 16  2 12]
 [14 11  1  8  9  7 16 12  5 13  2  6 10  4  3 15]
 [ 2  3  9  6 14 10  8  5 12  4 15 16 11 13  7  1]
 [12  7 16 10 13 15  4  2  1 11 14  3  8  9  6  5]]

[[ 1  2  3  4  5  6  7  8  9 10 11 12 13 14 15 16]
 [13 16  8  7 12  3  1 14  6 15  4  2  5 10  9 11]
 [15  9 12 11 13 16  4 10  3  5  8 14  2  6  7  1]
 [ 5 10  6 14  2  9 11 15  7  1 16 13  4  3 12  8]
 [ 8  4 13 15  6 12 14  3  2  7  1 10 16  5 11  9]
 [ 6  5 14  9  4 15 10  1 16 12 13 11  7  2  8  3]
 [10  1 11  3 16  2  9  7 14  6  5  8 12  4 13 15]
 [16 12  7  2  8 13  5 11  4  3  9 15  6  1 10 14]
 [ 7 14  2 12  1  5  6 13 11 16  3  9 15  8  4 10]
 [ 9  6  4  1  7  8 15 16 10  2 12  5  3 11 14 13]
 [ 3  8 15 16 10 11  2  9 13 14  7  4  1 12  5  6]
 [11 13 10  5  3 14 12  4 15  8  6  1  9  7 16  2]
 [ 4 15  5 13 11  1  3  6  8  9 10  7 14 16  2 12]
 [14 11  1  8  9  7 16 12  5 13  2  6 10 15  3  4]
 [ 2  3  9  6 14 10  8  5 12  4 15 16 11 13  1  7]
 [12  7 16 10 15  4 13  2  1 11 14  3  8  9  6  5]]

[[ 1  2  3  4  5  6  7  8  9 10 11 12 13 14 15 16]
 [13 16  8  7 12  3  1 14  6 15  4  2  5 10 11  9]
 [15  9 12 11  4 16 13 10  3  5  8 14  2  6  1  7]
 [ 5 10  6 14  2  9 11 15  7  1 16 13  4  3 12  8]
 [ 8  4 13 15  6 12 14  3  2  7  1 10 16  5  9 11]
 [ 6  5 14  9 15  4 10  1 16 12 13 11  7  2  8  3]
 [11  1 10  3  7  2  9 16 14  6  5  8 12 15 13  4]
 [16 12  7  2  8 13  5 11  4  3  9 15  6  1 10 14]
 [ 7 14  2 12  1  5  6 13 11 16  3  9 15  8  4 10]
 [ 9  6  4  1 16  8 15  7 10  2 12  5  3 11 14 13]
 [ 3  8 15 16 10 11  2  9 13 14  7  4  1 12  5  6]
 [10 13 11  5  3 14 12  4 15  8  6  1  9  7 16  2]
 [ 4 15  5 13 11  1  3  6  8  9 10  7 14 16  2 12]
 [14 11  1  8  9  7 16 12  5 13  2  6 10  4  3 15]
 [ 2  3  9  6 14 10  8  5 12  4 15 16 11 13  7  1]
 [12  7 16 10 13 15  4  2  1 11 14  3  8  9  6  5]]

[[ 1  2  3  4  5  6  7  8  9 10 11 12 13 14 15 16]
 [13 16  8  7 12  3  1 14  6 15  4  2  5 10 11  9]
 [15  9 12 11  4 16 13 10  3  5  8 14  2  6  1  7]
 [ 5 10  6 14  2  9 11 15  7  1 16 13  4  3 12  8]
 [ 8  4 13 15  6 12 14  3  2  7  1 10 16  5  9 11]
 [ 6  5 14  9 15  4 10  1 16 12 13 11  7  2  8  3]
 [11  1 10  3  9  2 16  7 14  6  5  8 12 15 13  4]
 [16 12  7  2  8 13  5 11  4  3  9 15  6  1 10 14]
 [ 7 14  2 12  1  5  6 13 11 16  3  9 15  8  4 10]
 [ 9  6  4  1  7  8 15 16 10  2 12  5  3 11 14 13]
 [ 3  8 15 16 10 11  2  9 13 14  7  4  1 12  5  6]
 [10 13 11  5  3 14 12  4 15  8  6  1  9  7 16  2]
 [ 4 15  5 13 11  1  3  6  8  9 10  7 14 16  2 12]
 [14 11  1  8 16  7  9 12  5 13  2  6 10  4  3 15]
 [ 2  3  9  6 14 10  8  5 12  4 15 16 11 13  7  1]
 [12  7 16 10 13 15  4  2  1 11 14  3  8  9  6  5]]

[[ 1  2  3  4  5  6  7  8  9 10 11 12 13 14 15 16]
 [13 16  8  7 12  3  1 14  6 15  4  2  5 10  9 11]
 [15  9 12 11 13 16  4 10  3  5  8 14  2  6  1  7]
 [ 5 10  6 14  2  9 11 15  7  1 16 13  4  3 12  8]
 [ 8  4 13 15  6 12 14  3  2  7  1 10 16  5 11  9]
 [ 6  5 14  9 15  4 10  1 16 13 12 11  7  2  8  3]
 [10  1 11  3 16  2  9  7 14  6  5  8 12  4 13 15]
 [16 12  7  2  8 13  5 11  4  3  9 15  6  1 10 14]
 [ 7 14  2 12  1  5  6 13 11 16  3  9 15  8  4 10]
 [ 9  6  4  1  7  8 15 16 10 12  2  5  3 11 14 13]
 [ 3  8 15 16 10 11  2  9 13 14  7  4  1 12  5  6]
 [11 13 10  5  3 14 12  4 15  8  6  1  9  7 16  2]
 [ 4 15  5 13 11  1  3  6  8  9 10  7 14 16  2 12]
 [14 11  1  8  9  7 16 12  5  2 13  6 10 15  3  4]
 [ 2  3  9  6 14 10  8  5 12  4 15 16 11 13  7  1]
 [12  7 16 10  4 15 13  2  1 11 14  3  8  9  6  5]]

[[ 1  2  3  4  5  6  7  8  9 10 11 12 13 14 15 16]
 [13 16  8  7 12  3  1 14  6 15  4  5  2 10 11  9]
 [15  9 12 11  4 16 13 10  3  2  8 14  5  6  1  7]
 [ 5 10  6 14  2  9 11 15  7  1 16 13  4  3 12  8]
 [ 8  4 13 15  6 12 14  3  2  7  1 10 16  5  9 11]
 [ 6  5 14  9 15  4 10  1 16 12 13 11  7  2  8  3]
 [11  1 10  3 16  2  9  7 14  6  5  8 12 15 13  4]
 [16 12  7  2  8 13  5 11  4  3  9 15  6  1 10 14]
 [ 7 14  2 12  1  5  6 13 11 16  3  9 15  8  4 10]
 [ 9  6  4  1  7  8 15 16 10  5 12  2  3 11 14 13]
 [ 3  8 15 16 10 11  2  9 13 14  7  4  1 12  5  6]
 [10 13 11  5  3 14 12  4 15  8  6  1  9  7 16  2]
 [ 4 15  5 13 11  1  3  6  8  9 10  7 14 16  2 12]
 [14 11  1  8  9  7 16 12  5 13  2  6 10  4  3 15]
 [ 2  3  9  6 14 10  8  5 12  4 15 16 11 13  7  1]
 [12  7 16 10 13 15  4  2  1 11 14  3  8  9  6  5]]

[[ 1  2  3  4  5  6  7  8  9 10 11 12 13 14 15 16]
 [13 16  8  7 12  3  1 14  6 15  4  2  5 10 11  9]
 [15  9 12 11  4 16 13 10  3  5  8 14  2  6  1  7]
 [ 5 10  6 14  2  9 11 15  7  1 16 13  4  3 12  8]
 [ 8  4 13 15  6 12 14  3  2  7  1 10 16  5  9 11]
 [ 6  5 14  9 15  4 10  1 16 12 13 11  7  2  8  3]
 [10  1 11  3  9  2 16  7 14  6  5  8 12 15 13  4]
 [16 12  7  2  8 13  5 11  4  3  9 15  6  1 10 14]
 [ 7 14  2 12  1  5  6 13 11 16  3  9 15  8  4 10]
 [ 9  6  4  1  7  8 15 16 10  2 12  5  3 11 14 13]
 [ 3  8 15 16 10 11  2  9 13 14  7  4  1 12  5  6]
 [11 13 10  5  3 14 12  4 15  8  6  1  9  7 16  2]
 [ 4 15  5 13 11  1  3  6  8  9 10  7 14 16  2 12]
 [14 11  1  8 16  7  9 12  5 13  2  6 10  4  3 15]
 [ 2  3  9  6 14 10  8  5 12  4 15 16 11 13  7  1]
 [12  7 16 10 13 15  4  2  1 11 14  3  8  9  6  5]]

[[ 1  2  3  4  5  6  7  8  9 10 11 12 13 14 15 16]
 [13 16  8  7 12  3  1 14  6 15  4  2  5 10 11  9]
 [15  9 12 11  4 16 13 10  3  5  8 14  2  6  7  1]
 [ 5 10  6 14  2  9 11 15  7  1 16 13  4  3 12  8]
 [ 8  4 13 15  6 12 14  3  2  7  1 10 16  5  9 11]
 [ 6  5 14  9 15  4 10  1 16 12 13 11  7  2  8  3]
 [11  1 10  3 16  2  9  7 14  6  5  8 12 15 13  4]
 [16 12  7  2  8 13  5 11  4  3  9 15  6  1 10 14]
 [ 7 14  2 12  1  5  6 13 11 16  3  9 15  8  4 10]
 [ 9  6  4  1  7  8 15 16 10  2 12  5  3 11 14 13]
 [ 3  8 15 16 10 11  2  9 13 14  7  4  1 12  5  6]
 [10 13 11  5  3 14 12  4 15  8  6  1  9  7 16  2]
 [ 4 15  5 13 11  1  3  6  8  9 10  7 14 16  2 12]
 [14 11  1  8  9  7 16 12  5 13  2  6 10  4  3 15]
 [ 2  3  9  6 14 10  8  5 12  4 15 16 11 13  1  7]
 [12  7 16 10 13 15  4  2  1 11 14  3  8  9  6  5]]

[[ 1  2  3  4  5  6  7  8  9 10 11 12 13 14 15 16]
 [13 16  8  7 12  3  1 14  6 15  4  2  5 10 11  9]
 [15  9 12 11  4 16 13 10  3  5  8 14  2  6  7  1]
 [ 5 10  6 14  2  9 11 15  7  1 16 13  4  3 12  8]
 [ 8  4 13 15  6 12 14  3  2  7  1 10 16  5  9 11]
 [ 6  5 14  9 15  4 10  1 16 12 13 11  7  2  8  3]
 [11  1 10  3  7  2  9 16 14  6  5  8 12 15 13  4]
 [16 12  7  2  8 13  5 11  4  3  9 15  6  1 10 14]
 [ 7 14  2 12  1  5  6 13 11 16  3  9 15  8  4 10]
 [ 9  6  4  1 16  8 15  7 10  2 12  5  3 11 14 13]
 [ 3  8 15 16 10 11  2  9 13 14  7  4  1 12  5  6]
 [10 13 11  5  3 14 12  4 15  8  6  1  9  7 16  2]
 [ 4 15  5 13 11  1  3  6  8  9 10  7 14 16  2 12]
 [14 11  1  8  9  7 16 12  5 13  2  6 10  4  3 15]
 [ 2  3  9  6 14 10  8  5 12  4 15 16 11 13  1  7]
 [12  7 16 10 13 15  4  2  1 11 14  3  8  9  6  5]]

[[ 1  2  3  4  5  6  7  8  9 10 11 12 13 14 15 16]
 [13 16  8  7 12  3  1 14  6  4 15  2  5 10 11  9]
 [15  9 12 11  4 16 13 10  3  5  8 14  2  6  7  1]
 [ 5 10  6 14  2  9 11 15  7  1 16 13  4  3 12  8]
 [ 8  4 13 15  6 12 14  3  2  7  1 10 16  5  9 11]
 [ 6  5 14  9 15  4 10  1 16 12 13 11  7  2  8  3]
 [11  1 10  3 16  2  9  7 14  6  5  8 12 15 13  4]
 [16 12  7  2  8 13  5 11  4  3  9 15  6  1 10 14]
 [ 7 14  2 12  1  5  6 13 11 16  3  9 15  8  4 10]
 [ 9  6  4  1  7  8 15 16 10  2 12  5  3 11 14 13]
 [ 3  8 15 16 10 11  2  9 13 14  7  4  1 12  5  6]
 [10 13 11  5  3 14 12  4 15  8  6  1  9  7 16  2]
 [ 4 15  5 13 11  1  3  6  8  9 10  7 14 16  2 12]
 [14 11  1  8  9  7 16 12  5 13  2  6 10  4  3 15]
 [ 2  3  9  6 14 10  8  5 12 15  4 16 11 13  1  7]
 [12  7 16 10 13 15  4  2  1 11 14  3  8  9  6  5]]

[[ 1  2  3  4  5  6  7  8  9 10 11 12 13 14 15 16]
 [13 16  8  7 12  3  1 14  6 15  4  2  5 10  9 11]
 [15  9 12 11 13 16  4 10  3  5  8 14  2  6  1  7]
 [ 5 10  6 14  2  9 11 15  7  1 16 13  4  3 12  8]
 [ 8  4 13 15  6 12 14  3  2  7  1 10 16  5 11  9]
 [ 6  5 14  9 15  4 10  1 16 13 12 11  7  2  8  3]
 [10  1 11  3 16  2  9  7 14  6  5  8 12  4 13 15]
 [16 12  7  2  8 13  5 11  4  3  9 15  6  1 10 14]
 [ 7 14  2 12  1  5  6 13 11 16  3  9 15  8  4 10]
 [ 9  6  4  1  7  8 15 16 10 12  2  5  3 11 14 13]
 [ 3  8 15 16 10 11  2  9 13 14  7  4  1 12  5  6]
 [11 13 10  5  3 14 12  4 15  8  6  1  9  7 16  2]
 [ 4 15  5 13 11  1  3  6  8  9 10  7 14 16  2 12]
 [14 11  1  8  9  7 16  5 12  2 13  6 10 15  3  4]
 [ 2  3  9  6 14 10  8 12  5  4 15 16 11 13  7  1]
 [12  7 16 10  4 15 13  2  1 11 14  3  8  9  6  5]]

[[ 1  2  3  4  5  6  7  8  9 10 11 12 13 14 15 16]
 [13 16  8  7 12  3  1 14  6 15  4  2  5 10 11  9]
 [15  9 12 11  4 16 13 10  3  5  8 14  2  6  1  7]
 [ 5 10  6 14  2  9 11 15  7  1 16 13  4  3 12  8]
 [ 8  4 13 15  6 12 14  3  2  7  1 10 16  5  9 11]
 [ 6  5 14  9 15  4 10  1 16 12 13 11  7  2  8  3]
 [11  1 10  3  9  2 16  7 14  6  5  8 12 15 13  4]
 [16 12  7  2  8 13  5 11  4  3  9 15  6  1 10 14]
 [ 7 14  2 12  1  5  6 13 11 16  3  9 15  8  4 10]
 [ 9  6  4  5  7  8 15 16 10  2 12  1  3 11 14 13]
 [ 3  8 15 16 10 11  2  9 13 14  7  4  1 12  5  6]
 [10 13 11  1  3 14 12  4 15  8  6  5  9  7 16  2]
 [ 4 15  5 13 11  1  3  6  8  9 10  7 14 16  2 12]
 [14 11  1  8 16  7  9 12  5 13  2  6 10  4  3 15]
 [ 2  3  9  6 14 10  8  5 12  4 15 16 11 13  7  1]
 [12  7 16 10 13 15  4  2  1 11 14  3  8  9  6  5]]

[[ 1  2  3  4  5  6  7  8  9 10 11 12 13 14 15 16]
 [13 16  8  7 12  3  1 14  6 15  4  5  2 10 11  9]
 [15  9 12 11  4 16 13 10  3  2  8 14  5  6  1  7]
 [ 5 10  6 14  2  9 11 15  7  1 16 13  4  3 12  8]
 [ 8  4 13 15  6 12 14  3  2  7  1 10 16  5  9 11]
 [ 6  5 14  9 15  4 10  1 16 12 13 11  7  2  8  3]
 [11  1 10  3 16  2  9  7 14  6  5  8 12 15 13  4]
 [16 12  7  2  8 13  5 11  4  3  9 15  6  1 10 14]
 [ 7 14  2 12  1  5  6 13 11 16  3  9 15  8  4 10]
 [ 9  6  4  1  7  8 15 16 10  5 12  2  3 11 14 13]
 [ 3  8 15  5 10 11  2  9 13 14  7  4  1 12 16  6]
 [10 13 11 16  3 14 12  4 15  8  6  1  9  7  5  2]
 [ 4 15  5 13 11  1  3  6  8  9 10  7 14 16  2 12]
 [14 11  1  8  9  7 16 12  5 13  2  6 10  4  3 15]
 [ 2  3  9  6 14 10  8  5 12  4 15 16 11 13  7  1]
 [12  7 16 10 13 15  4  2  1 11 14  3  8  9  6  5]]

[[ 1  2  3  4  5  6  7  8  9 10 11 12 13 14 15 16]
 [13 16  8  7 12  3  1 14  6 15  4  5  2 10 11  9]
 [15  9 12 11  4 16 13 10  3  2  8 14  5  6  1  7]
 [ 5 10  6 14  2  9 11 15  7  1 16 13  4  3 12  8]
 [ 8  4 13 15  6 12 14  3  2  7  1 10 16  5  9 11]
 [ 6  5 14  9 15  4 10  1 16 12 13 11  7  2  8  3]
 [11  1 10  3  9  2 16  7 14  6  5  8 12 15 13  4]
 [16 12  7  2  8 13  5 11  4  3  9 15  6  1 10 14]
 [ 7 14  2 12  1  5  6 13 11 16  3  9 15  8  4 10]
 [ 9  6  4  1  7  8 15 16 10  5 12  2  3 11 14 13]
 [ 3  8 15 16 10 11  2  9 13 14  7  4  1 12  5  6]
 [10 13 11  5  3 14 12  4 15  8  6  1  9  7 16  2]
 [ 4 15  5 13 11  1  3  6  8  9 10  7 14 16  2 12]
 [14 11  1  8 16  7  9 12  5 13  2  6 10  4  3 15]
 [ 2  3  9  6 14 10  8  5 12  4 15 16 11 13  7  1]
 [12  7 16 10 13 15  4  2  1 11 14  3  8  9  6  5]]

[[ 1  2  3  4  5  6  7  8  9 10 11 12 13 14 15 16]
 [ 8 16 13  7 12  3  1 14  6 15  4  5  2 10 11  9]
 [15  9 12 11  4 16 13 10  3  2  8 14  5  6  1  7]
 [ 5 10  6 14  2  9 11 15  7  1 16 13  4  3 12  8]
 [13  4  8 15  6 12 14  3  2  7  1 10 16  5  9 11]
 [ 6  5 14  9 15  4 10  1 16 12 13 11  7  2  8  3]
 [11  1 10  3 16  2  9  7 14  6  5  8 12 15 13  4]
 [16 12  7  2  8 13  5 11  4  3  9 15  6  1 10 14]
 [ 7 14  2 12  1  5  6 13 11 16  3  9 15  8  4 10]
 [ 9  6  4  1  7  8 15 16 10  5 12  2  3 11 14 13]
 [ 3  8 15 16 10 11  2  9 13 14  7  4  1 12  5  6]
 [10 13 11  5  3 14 12  4 15  8  6  1  9  7 16  2]
 [ 4 15  5 13 11  1  3  6  8  9 10  7 14 16  2 12]
 [14 11  1  8  9  7 16 12  5 13  2  6 10  4  3 15]
 [ 2  3  9  6 14 10  8  5 12  4 15 16 11 13  7  1]
 [12  7 16 10 13 15  4  2  1 11 14  3  8  9  6  5]]

[[ 1  2  3  4  5  6  7  8  9 10 11 12 13 14 15 16]
 [13 16  8  7 12  3  1 14  6 15  4  2  5 10 11  9]
 [15  9 12 11  2 16 13 10  3  5  8 14  4  6  1  7]
 [ 5 10  6 14  4  9 11 15  7  1 16 13  2  3 12  8]
 [ 8  4 13 15  6 12 14  3  2  7  1 10 16  5  9 11]
 [ 6  5 14  9 15  4 10  1 16 12 13 11  7  2  8  3]
 [10  1 11  3  9  2 16  7 14  6  5  8 12 15 13  4]
 [16 12  7  2  8 13  5 11  4  3  9 15  6  1 10 14]
 [ 7 14  2 12  1  5  6 13 11 16  3  9 15  8  4 10]
 [ 9  6  4  1  7  8 15 16 10  2 12  5  3 11 14 13]
 [ 3  8 15 16 10 11  2  9 13 14  7  4  1 12  5  6]
 [11 13 10  5  3 14 12  4 15  8  6  1  9  7 16  2]
 [ 4 15  5 13 11  1  3  6  8  9 10  7 14 16  2 12]
 [14 11  1  8 16  7  9 12  5 13  2  6 10  4  3 15]
 [ 2  3  9  6 14 10  8  5 12  4 15 16 11 13  7  1]
 [12  7 16 10 13 15  4  2  1 11 14  3  8  9  6  5]]

[[ 1  2  3  4  5  6  7  8  9 10 11 12 13 14 15 16]
 [13 16  8  7 12  3  1 14  6  4 15  2  5 10 11  9]
 [15  9 12 11  4 16 13 10  3  5  8 14  2  6  7  1]
 [ 5 10  6 14  2  9 11 15  7  1 16 13  4  3 12  8]
 [ 8  4 13 15  6 12 14  3  2  7  1 10 16  5  9 11]
 [ 6  5 14  9 15  4 10  1 16 12 13 11  7  2  8  3]
 [11  1 10  3  7  2  9 16 14  6  5  8 12 15 13  4]
 [16 12  7  2  8 13  5 11  4  3  9 15  6  1 10 14]
 [ 7 14  2 12  1  5  6 13 11 16  3  9 15  8  4 10]
 [ 9  6  4  1 16  8 15  7 10  2 12  5  3 11 14 13]
 [ 3  8 15 16 10 11  2  9 13 14  7  4  1 12  5  6]
 [10 13 11  5  3 14 12  4 15  8  6  1  9  7 16  2]
 [ 4 15  5 13 11  1  3  6  8  9 10  7 14 16  2 12]
 [14 11  1  8  9  7 16 12  5 13  2  6 10  4  3 15]
 [ 2  3  9  6 14 10  8  5 12 15  4 16 11 13  1  7]
 [12  7 16 10 13 15  4  2  1 11 14  3  8  9  6  5]]

[[ 1  2  3  4  5  6  7  8  9 10 11 12 13 14 15 16]
 [13 16  8  7 12  3  1 14  6 15  4  5  2 10 11  9]
 [15  9 12 11  4 16 13 10  3  2  8 14  5  6  1  7]
 [ 5 10  6 14  2  9 11 15  7  1 16 13  4  3 12  8]
 [ 8  4 13 15  6 12 14  3  2  7  1 10  9  5 16 11]
 [ 6  5 14  9 15  4 10  1 16 12 13 11  7  2  8  3]
 [11  1 10  3 16  2  9  7 14  6  5  8 12 15 13  4]
 [16 12  7  2  8 13  5 11  4  3  9 15  6  1 10 14]
 [ 7 14  2 12  1  5  6 13 11 16  3  9 15  8  4 10]
 [ 9  6  4  1  7  8 15 16 10  5 12  2  3 11 14 13]
 [ 3  8 15 16 10 11  2  9 13 14  7  4  1 12  5  6]
 [10 13 11  5  3 14 12  4 15  8  6  1 16  7  9  2]
 [ 4 15  5 13 11  1  3  6  8  9 10  7 14 16  2 12]
 [14 11  1  8  9  7 16 12  5 13  2  6 10  4  3 15]
 [ 2  3  9  6 14 10  8  5 12  4 15 16 11 13  7  1]
 [12  7 16 10 13 15  4  2  1 11 14  3  8  9  6  5]]

[[ 1  2  3  4  5  6  7  8  9 10 11 12 13 14 15 16]
 [13 16  8  7 12  3  1 14  6 15  4  5  2 10 11  9]
 [15  9 12 11  4 16 13 10  3  2  8 14  5  6  7  1]
 [ 5 10  6 14  2  9 11 15  7  1 16 13  4  3 12  8]
 [ 8  4 13 15  6 12 14  3  2  7  1 10 16  5  9 11]
 [ 6  5 14  9 15  4 10  1 16 12 13 11  7  2  8  3]
 [11  1 10  3  9  2 16  7 14  6  5  8 12 15 13  4]
 [16 12  7  2  8 13  5 11  4  3  9 15  6  1 10 14]
 [ 7 14  2 12  1  5  6 13 11 16  3  9 15  8  4 10]
 [ 9  6  4  1  7  8 15 16 10  5 12  2  3 11 14 13]
 [ 3  8 15 16 10 11  2  9 13 14  7  4  1 12  5  6]
 [10 13 11  5  3 14 12  4 15  8  6  1  9  7 16  2]
 [ 4 15  5 13 11  1  3  6  8  9 10  7 14 16  2 12]
 [14 11  1  8 16  7  9 12  5 13  2  6 10  4  3 15]
 [ 2  3  9  6 14 10  8  5 12  4 15 16 11 13  1  7]
 [12  7 16 10 13 15  4  2  1 11 14  3  8  9  6  5]]

[[ 1  2  3  4  5  6  7  8  9 10 11 12 13 14 15 16]
 [ 8 16 13  7 12  3  1 14  6  4 15  5  2 10 11  9]
 [15  9 12 11  4 16 13 10  3  2  8 14  5  6  1  7]
 [ 5 10  6 14  2  9 11 15  7  1 16 13  4  3 12  8]
 [13  4  8 15  6 12 14  3  2  7  1 10 16  5  9 11]
 [ 6  5 14  9 15  4 10  1 16 12 13 11  7  2  8  3]
 [11  1 10  3 16  2  9  7 14  6  5  8 12 15 13  4]
 [16 12  7  2  8 13  5 11  4  3  9 15  6  1 10 14]
 [ 7 14  2 12  1  5  6 13 11 16  3  9 15  8  4 10]
 [ 9  6  4  1  7  8 15 16 10  5 12  2  3 11 14 13]
 [ 3  8 15 16 10 11  2  9 13 14  7  4  1 12  5  6]
 [10 13 11  5  3 14 12  4 15  8  6  1  9  7 16  2]
 [ 4 15  5 13 11  1  3  6  8  9 10  7 14 16  2 12]
 [14 11  1  8  9  7 16 12  5 13  2  6 10  4  3 15]
 [ 2  3  9  6 14 10  8  5 12 15  4 16 11 13  7  1]
 [12  7 16 10 13 15  4  2  1 11 14  3  8  9  6  5]]

[[ 1  2  3  4  5  6  7  8  9 10 11 12 13 14 15 16]
 [13 16  8  7 12  3  1 14  6 15  4  2  5 10 11  9]
 [15  9 12 11  4 16 13 10  3  5  8 14  2  6  1  7]
 [ 5 10  6 14  2  9 11 15  7  1 16 13  4  3 12  8]
 [ 8  4 13 15  6 14 12  3  2  7  1 10 16  5  9 11]
 [ 6  5 14  9 15  4 10  1 16 12 13 11  7  2  8  3]
 [11  1 10  3  9  2 16  7 14  6  5  8 12 15 13  4]
 [16 12  7  2  8 13  5 11  4  3  9 15  6  1 10 14]
 [ 7 14  2 12  1  5  6 13 11 16  3  9 15  8  4 10]
 [ 9  6  4  1  7  8 15 16 10  2 12  5  3 11 14 13]
 [ 3  8 15 16 10 11  2  9 13 14  7  4  1 12  5  6]
 [10 13 11  5  3 12 14  4 15  8  6  1  9  7 16  2]
 [ 4 15  5 13 11  1  3  6  8  9 10  7 14 16  2 12]
 [14 11  1  8 16  7  9 12  5 13  2  6 10  4  3 15]
 [ 2  3  9  6 14 10  8  5 12  4 15 16 11 13  7  1]
 [12  7 16 10 13 15  4  2  1 11 14  3  8  9  6  5]]

[[ 1  2  3  4  5  6  7  8  9 10 11 12 13 14 15 16]
 [ 8 16 13  7 12  3  1 14  6 15  4  5  2 10 11  9]
 [15  9 12 11  4 16 13 10  3  2  8 14  5  6  1  7]
 [ 5 10  6 14  2  9 11 15  7  1 16 13  4  3 12  8]
 [13  4  8 15  6 12 14  3  2  7  1 10 16  5  9 11]
 [ 6  5 14  9 15  4 10  1 16 12 13 11  7  2  8  3]
 [11  1 10  3 16  2  9  7 14  6  5  8 12 15 13  4]
 [16 12  7  2  8 13  5 11  4  3  9 15  6  1 10 14]
 [ 7 14  2 12  1  5  6 13 11 16  3  9 10  8  4 15]
 [ 9  6  4  1  7  8 15 16 10  5 12  2  3 11 14 13]
 [ 3  8 15 16 10 11  2  9 13 14  7  4  1 12  5  6]
 [10 13 11  5  3 14 12  4 15  8  6  1  9  7 16  2]
 [ 4 15  5 13 11  1  3  6  8  9 10  7 14 16  2 12]
 [14 11  1  8  9  7 16 12  5 13  2  6 15  4  3 10]
 [ 2  3  9  6 14 10  8  5 12  4 15 16 11 13  7  1]
 [12  7 16 10 13 15  4  2  1 11 14  3  8  9  6  5]]

[[ 1  2  3  4  5  6  7  8  9 10 11 12 13 14 15 16]
 [ 8 16 13  7 12  3  1 14  5 15  4  6  2 10 11  9]
 [15  9 12 11  4 16 13 10  3  2  8 14  5  6  1  7]
 [ 5 10  6 14  2  9 11 15  7  1 16 13  4  3 12  8]
 [13  4  8 15  6 12 14  3  2  7  1 10 16  5  9 11]
 [ 6  5 14  9 15  4 10  1 16 12 13 11  7  2  8  3]
 [11  1 10  3 16  2  9  7 14  6  5  8 12 15 13  4]
 [16 12  7  2  8 13  5 11  4  3  9 15  6  1 10 14]
 [ 7 14  2 12  1  5  6 13 11 16  3  9 15  8  4 10]
 [ 9  6  4  1  7  8 15 16 10  5 12  2  3 11 14 13]
 [ 3  8 15 16 10 11  2  9 13 14  7  4  1 12  5  6]
 [10 13 11  5  3 14 12  4 15  8  6  1  9  7 16  2]
 [ 4 15  5 13 11  1  3  6  8  9 10  7 14 16  2 12]
 [14 11  1  8  9  7 16 12  6 13  2  5 10  4  3 15]
 [ 2  3  9  6 14 10  8  5 12  4 15 16 11 13  7  1]
 [12  7 16 10 13 15  4  2  1 11 14  3  8  9  6  5]]

[[ 1  2  3  4  5  6  7  8  9 10 11 12 13 14 15 16]
 [13 16  8  7 12  3  1 14  6 15  4  5  2 10 11  9]
 [15  9 12 11 13 16  4 10  3  2  8 14  5  6  1  7]
 [ 5 10  6 14  2  9 11 15  7  1 16 13  4  3 12  8]
 [ 8  4 13 15  6 12 14  3  2  7  1 10 16  5  9 11]
 [ 6  5 14  9 15  4 10  1 16 12 13 11  7  2  8  3]
 [11  1 10  3  9  2 16  7 14  6  5  8 12 15 13  4]
 [16 12  7  2  8 13  5 11  4  3  9 15  6  1 10 14]
 [ 7 14  2 12  1  5  6 13 11 16  3  9 15  8  4 10]
 [ 9  6  4  1  7  8 15 16 10  5 12  2  3 11 14 13]
 [ 3  8 15 16 10 11  2  9 13 14  7  4  1 12  5  6]
 [10 13 11  5  3 14 12  4 15  8  6  1  9  7 16  2]
 [ 4 15  5 13 11  1  3  6  8  9 10  7 14 16  2 12]
 [14 11  1  8 16  7  9 12  5 13  2  6 10  4  3 15]
 [ 2  3  9  6 14 10  8  5 12  4 15 16 11 13  7  1]
 [12  7 16 10  4 15 13  2  1 11 14  3  8  9  6  5]]

[[ 1  2  3  4  5  6  7  8  9 10 11 12 13 14 15 16]
 [ 8 16 13  7 12  3  1 14  6 15  4  5  2 10 11  9]
 [15  9 12 11  4 16 13 10  3  2  8 14  5  6  1  7]
 [ 5 10  6 14  2  9 11 15  7  1 16 13  4  3 12  8]
 [13  4  8 15  6 12 14  3  2  7  1 10 16  5  9 11]
 [ 6  5 14  9 15  4 10  1 16 12 13 11  7  2  8  3]
 [11  1 10  3  7  2  9 16 14  6  5  8 12 15 13  4]
 [16 12  7  2  8 13  5 11  4  3  9 15  6  1 10 14]
 [ 7 14  2 12  1  5  6 13 11 16  3  9 10  8  4 15]
 [ 9  6  4  1 16  8 15  7 10  5 12  2  3 11 14 13]
 [ 3  8 15 16 10 11  2  9 13 14  7  4  1 12  5  6]
 [10 13 11  5  3 14 12  4 15  8  6  1  9  7 16  2]
 [ 4 15  5 13 11  1  3  6  8  9 10  7 14 16  2 12]
 [14 11  1  8  9  7 16 12  5 13  2  6 15  4  3 10]
 [ 2  3  9  6 14 10  8  5 12  4 15 16 11 13  7  1]
 [12  7 16 10 13 15  4  2  1 11 14  3  8  9  6  5]]

[[ 1  2  3  4  5  6  7  8  9 10 11 12 13 14 15 16]
 [13 16  8  7 12  3  1 14  6 15  4  2  5 10 11  9]
 [15  9 12 11  2 16 13 10  3  5  8 14  4  6  1  7]
 [ 5 10  6 14  4  9 11 15  7  1 16 13  2  3 12  8]
 [ 8  4 13 15  6 12 14  3  2  7  1 10 16  5  9 11]
 [ 6  5 14  9 15  4 10  1 16 12 13 11  7  2  8  3]
 [10  1 11  3  9  2 16  7 14  6  5  8 12 15 13  4]
 [16 12  7  2  8 13  5 11  4  3  9 15  6  1 10 14]
 [ 7 14  2 12  1  5  6 13 11 16  3  9 15  8  4 10]
 [ 9  6  4  1  7  8 12 16 10  2 15  5  3 11 14 13]
 [ 3  8 15 16 10 11  2  9 13 14  7  4  1 12  5  6]
 [11 13 10  5  3 14 15  4 12  8  6  1  9  7 16  2]
 [ 4 15  5 13 11  1  3  6  8  9 10  7 14 16  2 12]
 [14 11  1  8 16  7  9 12  5 13  2  6 10  4  3 15]
 [ 2  3  9  6 14 10  8  5 15  4 12 16 11 13  7  1]
 [12  7 16 10 13 15  4  2  1 11 14  3  8  9  6  5]]

[[ 1  2  3  4  5  6  7  8  9 10 11 12 13 14 15 16]
 [13 16  8  7 12  3  1 14  6 15  4  5  2 10 11  9]
 [15  9 12 11 13 16  4 10  3  2  8 14  5  6  1  7]
 [ 5 10  6 14  2  9 11 15  7  1 16 13  4  3 12  8]
 [ 8  4 13 15  6 12 14  3  2  7  1 10 16  5  9 11]
 [ 6  5 14  9 15  4 10  1 16 12 13 11  7  2  8  3]
 [11  1 10  3  9  2 16  7 14  6  5  8 12 15 13  4]
 [16 12  7  2  8 13  5 11  4  3  9 15  6  1 10 14]
 [ 7 14  2 12  1  5  6 13 11 16  3  9 15  8  4 10]
 [ 9  6  4  1  7  8 15 16 10  5 12  2  3 11 14 13]
 [ 3  8 15 16 10 11  2  9 13 14  7  4  1 12  5  6]
 [10 13 11  5  3 14 12  4 15  8  6  1  9  7 16  2]
 [ 4 15  5 13 11  1  3  6  8  9 10  7 14 16  2 12]
 [14 11  1  8 16  7  9 12  5 13  2  3 10  4  6 15]
 [ 2  3  9  6 14 10  8  5 12  4 15 16 11 13  7  1]
 [12  7 16 10  4 15 13  2  1 11 14  6  8  9  3  5]]

